5 0.1201923076923077 0.33774038461538464 0.2403846153846154 0.21875
5 0.125 0.12259615384615384 0.25 0.19230769230769232
2 0.875 0.038461538461538464 0.14903846153846154 0.07692307692307693
2 0.6911057692307693 0.3581730769230769 0.14543269230769232 0.0985576923076923
8 0.9831730769230769 0.09735576923076923 0.03365384615384615 0.11298076923076923
8 0.96875 0.21995192307692307 0.0625 0.10817307692307693
9 0.8413461538461539 0.35216346153846156 0.13822115384615385 0.10697115384615384
1 0.5685096153846154 0.15384615384615385 0.14302884615384615 0.1141826923076923
1 0.8653846153846154 0.24879807692307693 0.14182692307692307 0.11057692307692307
11 0.42788461538461536 0.12980769230769232 0.14423076923076922 0.1141826923076923
6 0.6358173076923077 0.25961538461538464 0.13942307692307693 0.10817307692307693
7 0.8858173076923077 0.13701923076923078 0.15745192307692307 0.10697115384615384
9 0.32572115384615385 0.9519230769230769 0.04567307692307692 0.09615384615384616
1 0.2548076923076923 0.9050480769230769 0.13822115384615385 0.10576923076923077
4 0.30649038461538464 0.8004807692307693 0.08413461538461539 0.10576923076923077
4 0.16826923076923078 0.671875 0.125 0.08413461538461539
5 0.1346153846153846 0.96875 0.12980769230769232 0.0625
8 0.040865384615384616 0.9302884615384616 0.08173076923076923 0.10576923076923077
0 0.28966346153846156 0.6610576923076923 0.11778846153846154 0.0625
3 0.8088942307692307 0.890625 0.15745192307692307 0.11658653846153846
4 0.7956730769230769 0.9819711538461539 0.17307692307692307 0.036057692307692304
9 0.6201923076923077 0.9387019230769231 0.16706730769230768 0.12259615384615384
1 0.46153846153846156 0.9603365384615384 0.16826923076923078 0.07932692307692307
0 0.8004807692307693 0.765625 0.16346153846153846 0.12740384615384615
2 0.9507211538461539 0.9158653846153846 0.0985576923076923 0.125