5 0.33052884615384615 0.2824519230769231 0.2764423076923077 0.17067307692307693
4 0.5480769230769231 0.27884615384615385 0.13942307692307693 0.1778846153846154
5 0.31850961538461536 0.09375 0.2668269230769231 0.1875
5 0.5360576923076923 0.09495192307692307 0.16346153846153846 0.18990384615384615
2 0.6935096153846154 0.12139423076923077 0.1045673076923077 0.14423076923076922
3 0.7512019230769231 0.038461538461538464 0.10336538461538461 0.07692307692307693
10 0.7908653846153846 0.20793269230769232 0.10216346153846154 0.13942307692307693
7 0.8858173076923077 0.2644230769230769 0.10096153846153846 0.13942307692307693
9 0.8521634615384616 0.014423076923076924 0.10817307692307693 0.028846153846153848
7 0.9375 0.025240384615384616 0.11057692307692307 0.05048076923076923
8 0.6598557692307693 0.03365384615384615 0.08413461538461539 0.0673076923076923
0 0.3870192307692308 0.6201923076923077 0.10817307692307693 0.08052884615384616
4 0.4026442307692308 0.5372596153846154 0.1141826923076923 0.08413461538461539
4 0.9002403846153846 0.8341346153846154 0.15504807692307693 0.11177884615384616
4 0.875 0.5973557692307693 0.17668269230769232 0.1310096153846154
1 0.9038461538461539 0.71875 0.16346153846153846 0.1141826923076923