8 0.43509615384615385 0.32572115384615385 0.28846153846153844 0.2091346153846154
8 0.41466346153846156 0.5108173076923077 0.2956730769230769 0.15625
11 0.8413461538461539 0.12740384615384615 0.12139423076923077 0.09254807692307693
11 0.8125 0.38822115384615385 0.11538461538461539 0.09375
8 0.609375 0.22115384615384615 0.06009615384615385 0.08653846153846154
7 0.7536057692307693 0.46274038461538464 0.11298076923076923 0.09134615384615384
9 0.7632211538461539 0.19591346153846154 0.12620192307692307 0.09615384615384616
7 0.24158653846153846 0.7283653846153846 0.08052884615384616 0.11538461538461539
9 0.21394230769230768 0.8257211538461539 0.07211538461538461 0.10697115384615384
6 0.1310096153846154 0.6670673076923077 0.07451923076923077 0.0985576923076923
7 0.057692307692307696 0.6862980769230769 0.07572115384615384 0.09975961538461539
3 0.13822115384615385 0.7716346153846154 0.07211538461538461 0.09735576923076923
2 0.06490384615384616 0.78125 0.07091346153846154 0.1045673076923077
2 0.039663461538461536 0.9086538461538461 0.07451923076923077 0.09975961538461539
8 0.11177884615384616 0.8762019230769231 0.07572115384615384 0.10096153846153846
4 0.13701923076923078 0.9543269230769231 0.07211538461538461 0.09134615384615384
1 0.06129807692307692 0.9735576923076923 0.07932692307692307 0.052884615384615384
5 0.6298076923076923 0.9242788461538461 0.07932692307692307 0.06009615384615385
8 0.6310096153846154 0.9747596153846154 0.07932692307692307 0.05048076923076923