8 0.14182692307692307 0.22235576923076922 0.28365384615384615 0.2091346153846154
8 0.15865384615384615 0.4375 0.296875 0.21514423076923078
3 0.5925480769230769 0.20432692307692307 0.06971153846153846 0.15865384615384615
2 0.6622596153846154 0.12740384615384615 0.11298076923076923 0.13942307692307693
3 0.765625 0.0829326923076923 0.10216346153846154 0.140625
6 0.7752403846153846 0.21634615384615385 0.109375 0.1466346153846154
9 0.6730769230769231 0.2620192307692308 0.1045673076923077 0.140625
7 0.6370192307692307 0.421875 0.109375 0.14543269230769232
10 0.7355769230769231 0.37259615384615385 0.11057692307692307 0.14783653846153846
7 0.4495192307692308 0.7391826923076923 0.09615384615384616 0.040865384615384616
9 0.2620192307692308 0.7680288461538461 0.09615384615384616 0.0985576923076923
1 0.3389423076923077 0.8221153846153846 0.09735576923076923 0.125
10 0.1201923076923077 0.7620192307692307 0.08173076923076923 0.08653846153846154
1 0.78125 0.9603365384615384 0.16826923076923078 0.07932692307692307
4 0.9302884615384616 0.9735576923076923 0.13942307692307693 0.052884615384615384