8 0.1201923076923077 0.23197115384615385 0.2403846153846154 0.2091346153846154
8 0.1310096153846154 0.0625 0.2620192307692308 0.125
0 0.6069711538461539 0.3125 0.055288461538461536 0.13942307692307693
3 0.6189903846153846 0.44591346153846156 0.07932692307692307 0.14182692307692307
3 0.7632211538461539 0.2704326923076923 0.09495192307692307 0.13942307692307693
2 0.8810096153846154 0.32572115384615385 0.08533653846153846 0.12980769230769232
2 0.9603365384615384 0.3016826923076923 0.07932692307692307 0.11778846153846154
10 0.7704326923076923 0.4879807692307692 0.11298076923076923 0.08173076923076923
9 0.7463942307692307 0.13581730769230768 0.09975961538461539 0.12740384615384615
10 0.14182692307692307 0.9002403846153846 0.13221153846153846 0.1778846153846154
1 0.40024038461538464 0.9699519230769231 0.10817307692307693 0.06009615384615385
11 0.5072115384615384 0.9711538461538461 0.10576923076923077 0.057692307692307696
9 0.5673076923076923 0.8966346153846154 0.02403846153846154 0.15384615384615385
6 0.21995192307692307 0.7728365384615384 0.11778846153846154 0.16947115384615385
2 0.30288461538461536 0.9122596153846154 0.11298076923076923 0.15504807692307693
3 0.671875 0.7620192307692307 0.1310096153846154 0.10096153846153846
3 0.8040865384615384 0.7548076923076923 0.13822115384615385 0.09615384615384616
3 0.6370192307692307 0.5612980769230769 0.11538461538461539 0.06490384615384616
0 0.7668269230769231 0.5600961538461539 0.13942307692307693 0.0625
0 0.6454326923076923 0.65625 0.13221153846153846 0.10096153846153846