0 0.1201923076923077 0.3870192307692308 0.2403846153846154 0.125
0 0.1622596153846154 0.22355769230769232 0.3088942307692308 0.20432692307692307
4 0.4110576923076923 0.40865384615384615 0.1778846153846154 0.08173076923076923
11 0.4326923076923077 0.2692307692307692 0.1346153846153846 0.20192307692307693
9 0.5540865384615384 0.09134615384615384 0.10817307692307693 0.13942307692307693
3 0.5709134615384616 0.23557692307692307 0.14182692307692307 0.15384615384615385
11 0.6478365384615384 0.3545673076923077 0.1935096153846154 0.13221153846153846
1 0.44350961538461536 0.7908653846153846 0.07572115384615384 0.10697115384615384
2 0.15384615384615385 0.5901442307692307 0.08173076923076923 0.10096153846153846
2 0.16706730769230768 0.4951923076923077 0.06971153846153846 0.09134615384615384
2 0.328125 0.48677884615384615 0.06971153846153846 0.07451923076923077
2 0.3581730769230769 0.9206730769230769 0.07091346153846154 0.09735576923076923
2 0.20552884615384615 0.9086538461538461 0.078125 0.09975961538461539
3 0.109375 0.8112980769230769 0.09014423076923077 0.11778846153846154
10 0.22355769230769232 0.8028846153846154 0.07451923076923077 0.10697115384615384
11 0.14182692307692307 0.7055288461538461 0.07572115384615384 0.109375
11 0.48197115384615385 0.7271634615384616 0.036057692307692304 0.11778846153846154
9 0.3137019230769231 0.7259615384615384 0.07692307692307693 0.11057692307692307
6 0.2848557692307692 0.9014423076923077 0.0733173076923077 0.1045673076923077
6 0.02403846153846154 0.9735576923076923 0.04807692307692308 0.052884615384615384
5 0.28966346153846156 0.6189903846153846 0.08052884615384616 0.10336538461538461
0 0.4639423076923077 0.9555288461538461 0.07211538461538461 0.0889423076923077
7 0.6213942307692307 0.8245192307692307 0.24278846153846154 0.23557692307692307
7 0.8149038461538461 0.6466346153846154 0.3161057692307692 0.24278846153846154
0 0.6310096153846154 0.5240384615384616 0.2620192307692308 0.14903846153846154