0 0.07692307692307693 0.08413461538461539 0.15384615384615385 0.16826923076923078
0 0.1141826923076923 0.2704326923076923 0.2283653846153846 0.20432692307692307
4 0.3173076923076923 0.0625 0.16346153846153846 0.125
11 0.3389423076923077 0.22355769230769232 0.1201923076923077 0.20192307692307693
8 0.6454326923076923 0.052884615384615384 0.0985576923076923 0.10576923076923077
9 0.9230769230769231 0.2692307692307692 0.0985576923076923 0.1346153846153846
6 0.9807692307692307 0.33533653846153844 0.038461538461538464 0.12740384615384615
1 0.19831730769230768 0.5288461538461539 0.17307692307692307 0.13221153846153846
6 0.1310096153846154 0.65625 0.16947115384615385 0.13221153846153846
6 0.3137019230769231 0.6370192307692307 0.17067307692307693 0.13942307692307693
9 0.31971153846153844 0.796875 0.15865384615384615 0.14182692307692307
8 0.4891826923076923 0.8341346153846154 0.09735576923076923 0.12980769230769232
10 0.6442307692307693 0.7391826923076923 0.09615384615384616 0.12980769230769232
4 0.7403846153846154 0.7800480769230769 0.10336538461538461 0.13581730769230768
0 0.8389423076923077 0.8149038461538461 0.10697115384615384 0.140625
9 0.6213942307692307 0.8713942307692307 0.10096153846153846 0.14543269230769232
2 0.4699519230769231 0.9507211538461539 0.0985576923076923 0.0985576923076923