7 0.5408653846153846 0.234375 0.057692307692307696 0.1466346153846154
3 0.4831730769230769 0.1141826923076923 0.17307692307692307 0.15144230769230768
9 0.3641826923076923 0.34975961538461536 0.16346153846153846 0.12740384615384615
7 0.3137019230769231 0.21754807692307693 0.19110576923076922 0.13822115384615385
11 0.14302884615384615 0.29927884615384615 0.17668269230769232 0.13701923076923078
0 0.20192307692307693 0.42427884615384615 0.18028846153846154 0.11538461538461539
3 0.02403846153846154 0.45072115384615385 0.04807692307692308 0.12740384615384615
10 0.9555288461538461 0.5456730769230769 0.0889423076923077 0.04807692307692308
3 0.8257211538461539 0.4362980769230769 0.15745192307692307 0.11658653846153846
4 0.8125 0.5396634615384616 0.17307692307692307 0.06009615384615385
9 0.6442307692307693 0.484375 0.14903846153846154 0.12259615384615384
0 0.8173076923076923 0.3112980769230769 0.16346153846153846 0.12740384615384615
2 0.9591346153846154 0.46153846153846156 0.08173076923076923 0.125
0 0.4014423076923077 0.7524038461538461 0.10817307692307693 0.08052884615384616
4 0.3858173076923077 0.6694711538461539 0.1141826923076923 0.08413461538461539
0 0.8834134615384616 0.9254807692307693 0.09134615384615384 0.125
3 0.6370192307692307 0.9375 0.09134615384615384 0.125
10 0.5925480769230769 0.8533653846153846 0.04567307692307692 0.125
8 0.6574519230769231 0.8016826923076923 0.09254807692307693 0.12139423076923077
11 0.7223557692307693 0.8918269230769231 0.09134615384615384 0.12259615384615384
9 0.5817307692307693 0.7307692307692307 0.02403846153846154 0.11538461538461539
4 0.8016826923076923 0.8365384615384616 0.09735576923076923 0.12980769230769232