3 0.26802884615384615 0.07211538461538461 0.07932692307692307 0.14423076923076922
9 0.19591346153846154 0.30408653846153844 0.16346153846153846 0.12740384615384615
7 0.14543269230769232 0.171875 0.19110576923076922 0.13822115384615385
11 0.03125 0.2536057692307692 0.0625 0.13701923076923078
0 0.06129807692307692 0.3545673076923077 0.12259615384615384 0.06971153846153846
7 0.6213942307692307 0.06370192307692307 0.21875 0.12740384615384615
9 0.2536057692307692 0.8221153846153846 0.10817307692307693 0.11057692307692307
10 0.06490384615384616 0.578125 0.12980769230769232 0.11778846153846154
7 0.13221153846153846 0.7992788461538461 0.1466346153846154 0.11778846153846154
8 0.18389423076923078 0.6418269230769231 0.15745192307692307 0.11899038461538461
4 0.23197115384615385 0.5036057692307693 0.15144230769230768 0.11778846153846154
2 0.9098557692307693 0.5264423076923077 0.16105769230769232 0.11778846153846154
2 0.6105769230769231 0.671875 0.17067307692307693 0.125
5 0.6694711538461539 0.5444711538461539 0.18509615384615385 0.1310096153846154
4 0.9026442307692307 0.42788461538461536 0.17548076923076922 0.07692307692307693