7 0.5144230769230769 0.421875 0.12980769230769232 0.1466346153846154
3 0.43509615384615385 0.5444711538461539 0.20072115384615385 0.15144230769230768
9 0.3016826923076923 0.3088942307692308 0.16346153846153846 0.12740384615384615
7 0.2512019230769231 0.4411057692307692 0.19110576923076922 0.13822115384615385
11 0.08413461538461539 0.359375 0.16826923076923078 0.13701923076923078
0 0.13942307692307693 0.234375 0.18028846153846154 0.11538461538461539
0 0.7692307692307693 0.3112980769230769 0.3161057692307692 0.22115384615384615
4 0.7512019230769231 0.5384615384615384 0.3173076923076923 0.234375
1 0.21394230769230768 0.9579326923076923 0.15865384615384615 0.08413461538461539
6 0.06490384615384616 0.9567307692307693 0.12980769230769232 0.08653846153846154
5 0.9663461538461539 0.9591346153846154 0.0673076923076923 0.08173076923076923
7 0.9675480769230769 0.7716346153846154 0.06490384615384616 0.11057692307692307
9 0.8942307692307693 0.765625 0.08413461538461539 0.10817307692307693
7 0.9314903846153846 0.8882211538461539 0.09375 0.12259615384615384
11 0.8617788461538461 0.953125 0.0985576923076923 0.09375