7 0.10576923076923077 0.6153846153846154 0.21153846153846154 0.16826923076923078
7 0.2824519230769231 0.4699519230769231 0.31490384615384615 0.24278846153846154
0 0.11538461538461539 0.2956730769230769 0.23076923076923078 0.2548076923076923
10 0.47836538461538464 0.6610576923076923 0.07692307692307693 0.07692307692307693
7 0.5757211538461539 0.6610576923076923 0.11778846153846154 0.07692307692307693
7 0.8834134615384616 0.28966346153846156 0.140625 0.10697115384615384
9 0.8112980769230769 0.3858173076923077 0.14423076923076922 0.10697115384615384
2 0.5024038461538461 0.390625 0.125 0.09375
2 0.7848557692307693 0.6069711538461539 0.14182692307692307 0.11177884615384616
2 0.8942307692307693 0.6550480769230769 0.14903846153846154 0.0889423076923077
6 0.10096153846153846 0.9302884615384616 0.10576923076923077 0.13942307692307693
7 0.17548076923076922 0.8197115384615384 0.109375 0.15504807692307693
3 0.5096153846153846 0.8401442307692307 0.13942307692307693 0.14182692307692307
3 0.5396634615384616 0.7271634615384616 0.19951923076923078 0.055288461538461536