7 0.31850961538461536 0.17908653846153846 0.21875 0.25240384615384615
7 0.14182692307692307 0.3701923076923077 0.28365384615384615 0.23557692307692307
7 0.03485576923076923 0.19110576923076922 0.06971153846153846 0.24278846153846154
0 0.15144230769230768 0.07211538461538461 0.30288461538461536 0.14423076923076922
7 0.9783653846153846 0.33653846153846156 0.04326923076923077 0.11538461538461539
10 0.9483173076923077 0.5288461538461539 0.10336538461538461 0.10576923076923077
3 0.7764423076923077 0.5276442307692307 0.12740384615384615 0.09735576923076923
3 0.8016826923076923 0.6225961538461539 0.13701923076923078 0.09134615384615384
3 0.8100961538461539 0.296875 0.15504807692307693 0.12860576923076922
2 0.578125 0.4519230769230769 0.15504807692307693 0.11538461538461539
2 0.8689903846153846 0.14423076923076922 0.1658653846153846 0.12259615384615384
5 0.9627403846153846 0.07932692307692307 0.07451923076923077 0.1346153846153846
8 0.4879807692307692 0.36658653846153844 0.1201923076923077 0.11778846153846154
8 0.9014423076923077 0.390625 0.15625 0.11778846153846154
8 0.9302884615384616 0.2403846153846154 0.13942307692307693 0.11057692307692307
7 0.23557692307692307 0.9350961538461539 0.10096153846153846 0.12980769230769232
9 0.36177884615384615 0.9651442307692307 0.10817307692307693 0.06971153846153846
9 0.9855769230769231 0.8725961538461539 0.028846153846153848 0.07211538461538461
1 0.9266826923076923 0.8762019230769231 0.09495192307692307 0.07211538461538461
1 0.8317307692307693 0.8605769230769231 0.10576923076923077 0.07211538461538461
6 0.7367788461538461 0.8377403846153846 0.09975961538461539 0.078125
4 0.9170673076923077 0.7463942307692307 0.10096153846153846 0.08413461538461539
0 0.9543269230769231 0.6899038461538461 0.09134615384615384 0.04326923076923077