7 0.26322115384615385 0.25961538461538464 0.23317307692307693 0.21634615384615385
7 0.11057692307692307 0.10216346153846154 0.22115384615384615 0.20432692307692307
1 0.9423076923076923 0.08653846153846154 0.1141826923076923 0.09615384615384616
6 0.9483173076923077 0.18028846153846154 0.10336538461538461 0.10096153846153846
10 0.7908653846153846 0.05048076923076923 0.1201923076923077 0.09975961538461539
7 0.6706730769230769 0.052884615384615384 0.11899038461538461 0.09375
4 0.8737980769230769 0.3389423076923077 0.13701923076923078 0.057692307692307696
9 0.44350961538461536 0.32572115384615385 0.12740384615384615 0.08413461538461539
2 0.7463942307692307 0.32572115384615385 0.13221153846153846 0.08413461538461539
2 0.46274038461538464 0.11658653846153846 0.14182692307692307 0.11177884615384616
2 0.4026442307692308 0.057692307692307696 0.04567307692307692 0.10576923076923077
3 0.33774038461538464 0.7319711538461539 0.08413461538461539 0.15625
10 0.30288461538461536 0.47475961538461536 0.15384615384615385 0.12259615384615384
6 0.21394230769230768 0.4050480769230769 0.1875 0.07451923076923077
6 0.9002403846153846 0.5865384615384616 0.15504807692307693 0.11538461538461539
6 0.6310096153846154 0.8413461538461539 0.16947115384615385 0.12259615384615384
10 0.8894230769230769 0.703125 0.15985576923076922 0.12379807692307693
2 0.609375 0.953125 0.17548076923076922 0.09375