0 0.040865384615384616 0.390625 0.08173076923076923 0.19471153846153846
0 0.13581730769230768 0.23197115384615385 0.27163461538461536 0.24759615384615385
9 0.28125 0.3389423076923077 0.07692307692307693 0.2403846153846154
0 0.43990384615384615 0.35096153846153844 0.08653846153846154 0.1201923076923077
7 0.453125 0.23317307692307693 0.09134615384615384 0.12740384615384615
1 0.5012019230769231 0.125 0.09495192307692307 0.13221153846153846
8 0.5925480769230769 0.0889423076923077 0.09134615384615384 0.125
5 0.6598557692307693 0.03125 0.0889423076923077 0.0625
4 0.5709134615384616 0.21033653846153846 0.09735576923076923 0.11057692307692307
0 0.5324519230769231 0.30528846153846156 0.09375 0.11538461538461539
4 0.5204326923076923 0.41947115384615385 0.09134615384615384 0.12259615384615384
9 0.6225961538461539 0.43028846153846156 0.08052884615384616 0.11177884615384616
1 0.6213942307692307 0.31971153846153844 0.08052884615384616 0.10697115384615384
7 0.6610576923076923 0.21033653846153846 0.08173076923076923 0.11057692307692307
9 0.7427884615384616 0.21754807692307693 0.08413461538461539 0.10817307692307693
7 0.7055288461538461 0.09495192307692307 0.09375 0.12259615384615384
11 0.7728365384615384 0.037259615384615384 0.0985576923076923 0.07451923076923077
6 0.18629807692307693 0.9038461538461539 0.11177884615384616 0.08653846153846154
9 0.046875 0.7463942307692307 0.09375 0.09375
9 0.203125 0.5360576923076923 0.12740384615384615 0.09615384615384616
9 0.18629807692307693 0.8209134615384616 0.11177884615384616 0.0829326923076923
2 0.027644230769230768 0.6274038461538461 0.055288461538461536 0.08653846153846154
3 0.10096153846153846 0.5997596153846154 0.11778846153846154 0.08413461538461539
9 0.44591346153846156 0.8257211538461539 0.08173076923076923 0.06370192307692307
4 0.6983173076923077 0.7487980769230769 0.078125 0.07091346153846154
6 0.6153846153846154 0.7836538461538461 0.08173076923076923 0.06009615384615385
10 0.6550480769230769 0.6826923076923077 0.08173076923076923 0.06009615384615385
1 0.7475961538461539 0.6935096153846154 0.09014423076923077 0.07091346153846154
5 0.8317307692307693 0.7223557692307693 0.0829326923076923 0.06850961538461539
9 0.8028846153846154 0.6466346153846154 0.09495192307692307 0.07091346153846154
0 0.7211538461538461 0.625 0.08413461538461539 0.06610576923076923
8 0.6947115384615384 0.8149038461538461 0.08653846153846154 0.06009615384615385
10 0.7776442307692307 0.8112980769230769 0.08173076923076923 0.06129807692307692
7 0.5721153846153846 0.6778846153846154 0.08653846153846154 0.06009615384615385
7 0.6370192307692307 0.6141826923076923 0.0829326923076923 0.06971153846153846
7 0.875 0.6069711538461539 0.09735576923076923 0.0733173076923077
9 0.9146634615384616 0.7127403846153846 0.08052884615384616 0.06129807692307692
11 0.8605769230769231 0.8245192307692307 0.0829326923076923 0.06370192307692307
3 0.9399038461538461 0.8233173076923077 0.07692307692307693 0.06009615384615385
3 0.7824519230769231 0.8725961538461539 0.0829326923076923 0.06009615384615385
2 0.6995192307692307 0.8762019230769231 0.08173076923076923 0.057692307692307696
4 0.609375 0.84375 0.0829326923076923 0.06129807692307692
6 0.5276442307692307 0.8245192307692307 0.0829326923076923 0.0625
5 0.5384615384615384 0.6177884615384616 0.09375 0.07091346153846154
8 0.5 0.5564903846153846 0.0889423076923077 0.06490384615384616