0 0.5144230769230769 0.09975961538461539 0.12980769230769232 0.19951923076923078
6 0.2920673076923077 0.19110576923076922 0.31971153846153844 0.22956730769230768
9 0.14423076923076922 0.052884615384615384 0.28846153846153844 0.10576923076923077
2 0.6850961538461539 0.3701923076923077 0.12980769230769232 0.09615384615384616
7 0.9507211538461539 0.2860576923076923 0.0985576923076923 0.10576923076923077
6 0.5456730769230769 0.8389423076923077 0.0673076923076923 0.12980769230769232
4 0.47596153846153844 0.7620192307692307 0.11057692307692307 0.1346153846153846
9 0.5036057692307693 0.9338942307692307 0.10336538461538461 0.13221153846153846
2 0.38100961538461536 0.9555288461538461 0.09375 0.0889423076923077
8 0.28365384615384615 0.9519230769230769 0.09615384615384616 0.09615384615384616
10 0.5192307692307693 0.6358173076923077 0.11177884615384616 0.14302884615384615
8 0.5649038461538461 0.7199519230769231 0.028846153846153848 0.1466346153846154
10 0.9651442307692307 0.7139423076923077 0.06971153846153846 0.09615384615384616
9 0.8942307692307693 0.6286057692307693 0.0733173076923077 0.09975961538461539
4 0.8233173076923077 0.6370192307692307 0.07211538461538461 0.09615384615384616
9 0.7524038461538461 0.6237980769230769 0.06971153846153846 0.09495192307692307
6 0.7475961538461539 0.7175480769230769 0.06971153846153846 0.09014423076923077
0 0.8209134615384616 0.7319711538461539 0.06971153846153846 0.09735576923076923
10 0.8942307692307693 0.7295673076923077 0.07211538461538461 0.09495192307692307
4 0.6778846153846154 0.7175480769230769 0.06971153846153846 0.09495192307692307
6 0.6814903846153846 0.6201923076923077 0.07091346153846154 0.0889423076923077
6 0.6850961538461539 0.5288461538461539 0.0733173076923077 0.09735576923076923
1 0.6153846153846154 0.5288461538461539 0.06850961538461539 0.09495192307692307
5 0.7560096153846154 0.5300480769230769 0.07091346153846154 0.09495192307692307
9 0.828125 0.5300480769230769 0.07211538461538461 0.09495192307692307
11 0.9014423076923077 0.53125 0.07572115384615384 0.0985576923076923
7 0.9651442307692307 0.6213942307692307 0.06971153846153846 0.09375
7 0.9675480769230769 0.5 0.06490384615384616 0.10096153846153846
3 0.8882211538461539 0.4495192307692308 0.07451923076923077 0.0625
9 0.8004807692307693 0.4495192307692308 0.07211538461538461 0.0625
1 0.7319711538461539 0.4495192307692308 0.06971153846153846 0.0625
10 0.9579326923076923 0.43509615384615385 0.07451923076923077 0.03365384615384615