6 0.04447115384615385 0.5432692307692307 0.0889423076923077 0.23076923076923078
9 0.13221153846153846 0.3389423076923077 0.2644230769230769 0.2403846153846154
9 0.6586538461538461 0.5444711538461539 0.0985576923076923 0.07091346153846154
1 0.7536057692307693 0.546875 0.09495192307692307 0.07211538461538461
1 0.8485576923076923 0.53125 0.10576923076923077 0.07211538461538461
6 0.9435096153846154 0.5084134615384616 0.09975961538461539 0.078125
4 0.7632211538461539 0.4170673076923077 0.10096153846153846 0.08413461538461539
0 0.7163461538461539 0.34615384615384615 0.10817307692307693 0.07572115384615384
9 0.7391826923076923 0.2692307692307692 0.09495192307692307 0.07572115384615384
10 0.8317307692307693 0.26802884615384615 0.09375 0.07572115384615384
2 0.30408653846153844 0.9519230769230769 0.06971153846153846 0.09615384615384616
3 0.22115384615384615 0.9038461538461539 0.15865384615384615 0.11778846153846154
3 0.53125 0.9362980769230769 0.21153846153846154 0.12740384615384615