5 0.08653846153846154 0.3004807692307692 0.17307692307692307 0.12980769230769232
5 0.2848557692307692 0.31009615384615385 0.18509615384615385 0.12980769230769232
10 0.040865384615384616 0.15985576923076922 0.08173076923076923 0.15625
10 0.36778846153846156 0.0625 0.21153846153846154 0.125
2 0.2776442307692308 0.43990384615384615 0.17548076923076922 0.1201923076923077
3 0.4723557692307692 0.17307692307692307 0.17067307692307693 0.15865384615384615
2 0.7992788461538461 0.2920673076923077 0.10576923076923077 0.09254807692307693
2 0.7548076923076923 0.15504807692307693 0.12139423076923077 0.10096153846153846
2 0.8461538461538461 0.4891826923076923 0.11538461538461539 0.021634615384615384
10 0.75 0.4411057692307692 0.10096153846153846 0.07572115384615384
9 0.9627403846153846 0.2848557692307692 0.07451923076923077 0.0889423076923077
6 0.6454326923076923 0.20673076923076922 0.12620192307692307 0.09735576923076923
6 0.6442307692307693 0.4411057692307692 0.10697115384615384 0.07932692307692307
4 0.6862980769230769 0.3076923076923077 0.11298076923076923 0.09495192307692307
0 0.15985576923076922 0.53125 0.13701923076923078 0.0625
3 0.8617788461538461 0.8810096153846154 0.12980769230769232 0.10096153846153846
6 0.8293269230769231 0.6634615384615384 0.1346153846153846 0.10576923076923077
6 0.5769230769230769 0.5637019230769231 0.038461538461538464 0.10336538461538461
9 0.90625 0.5853365384615384 0.12740384615384615 0.09975961538461539
11 0.9362980769230769 0.8088942307692307 0.12740384615384615 0.10336538461538461