5 0.41586538461538464 0.18509615384615385 0.14423076923076922 0.12980769230769232
10 0.35096153846153844 0.42788461538461536 0.21153846153846154 0.1201923076923077
2 0.4206730769230769 0.056490384615384616 0.1346153846153846 0.11298076923076923
1 0.07932692307692307 0.41466346153846156 0.15865384615384615 0.1466346153846154
3 0.23197115384615385 0.32091346153846156 0.203125 0.15865384615384615
3 0.04927884615384615 0.27163461538461536 0.0985576923076923 0.14903846153846154
1 0.9591346153846154 0.13942307692307693 0.08173076923076923 0.09134615384615384
4 0.6490384615384616 0.06009615384615385 0.12259615384615384 0.09134615384615384
6 0.8617788461538461 0.010817307692307692 0.11298076923076923 0.021634615384615384
7 0.9146634615384616 0.0625 0.11177884615384616 0.09134615384615384
9 0.7608173076923077 0.030048076923076924 0.12259615384615384 0.06009615384615385
0 0.5396634615384616 0.042067307692307696 0.10336538461538461 0.08413461538461539
7 0.6237980769230769 0.19831730769230768 0.12980769230769232 0.09735576923076923
7 0.7740384615384616 0.22235576923076922 0.12259615384615384 0.09134615384615384
10 0.7223557692307693 0.13581730769230768 0.12980769230769232 0.09975961538461539
11 0.8870192307692307 0.18269230769230768 0.1201923076923077 0.09254807692307693
11 0.4375 0.6201923076923077 0.10096153846153846 0.09615384615384616
7 0.19831730769230768 0.5048076923076923 0.12259615384615384 0.03365384615384615
7 0.25240384615384615 0.8485576923076923 0.12139423076923077 0.09254807692307693
8 0.4639423076923077 0.5228365384615384 0.04807692307692308 0.06971153846153846
4 0.43509615384615385 0.7271634615384616 0.10576923076923077 0.07932692307692307
0 0.4326923076923077 0.8088942307692307 0.11057692307692307 0.08413461538461539
0 0.08052884615384616 0.5252403846153846 0.11778846153846154 0.07451923076923077
3 0.3737980769230769 0.5480769230769231 0.12740384615384615 0.10336538461538461
9 0.30288461538461536 0.6466346153846154 0.1201923076923077 0.09134615384615384
6 0.2512019230769231 0.7331730769230769 0.12139423076923077 0.09375
6 0.36538461538461536 0.8954326923076923 0.11778846153846154 0.09254807692307693
4 0.7163461538461539 0.6057692307692307 0.2283653846153846 0.16346153846153846
4 0.5456730769230769 0.8497596153846154 0.11538461538461539 0.1658653846153846
10 0.5432692307692307 0.5913461538461539 0.11057692307692307 0.16346153846153846
1 0.7199519230769231 0.8557692307692307 0.22596153846153846 0.16346153846153846