5 0.09014423076923077 0.4375 0.18028846153846154 0.04326923076923077
10 0.171875 0.21394230769230768 0.21153846153846154 0.16466346153846154
1 0.43149038461538464 0.24759615384615385 0.13701923076923078 0.14903846153846154
3 0.2920673076923077 0.3449519230769231 0.203125 0.15865384615384615
3 0.46153846153846156 0.38822115384615385 0.07692307692307693 0.14182692307692307
10 0.6346153846153846 0.38100961538461536 0.21153846153846154 0.15625
3 0.5925480769230769 0.16826923076923078 0.18509615384615385 0.16346153846153846
11 0.1141826923076923 0.7752403846153846 0.1814903846153846 0.14903846153846154
1 0.2956730769230769 0.75 0.18629807692307693 0.14302884615384615
1 0.8185096153846154 0.7103365384615384 0.15865384615384615 0.12259615384615384
6 0.9507211538461539 0.7103365384615384 0.0985576923076923 0.12259615384615384