2 0.17548076923076922 0.14302884615384615 0.28365384615384615 0.2091346153846154
2 0.16466346153846154 0.40865384615384615 0.2764423076923077 0.10096153846153846
8 0.5288461538461539 0.18870192307692307 0.13942307692307693 0.20432692307692307
6 0.3870192307692308 0.34134615384615385 0.3088942307692308 0.20552884615384615
8 0.07451923076923077 0.29086538461538464 0.14903846153846154 0.1971153846153846
0 0.41346153846153844 0.07211538461538461 0.24519230769230768 0.14423076923076922
1 0.6502403846153846 0.13341346153846154 0.10336538461538461 0.11778846153846154
4 0.7740384615384616 0.1658653846153846 0.1502403846153846 0.12860576923076922
1 0.7728365384615384 0.4014423076923077 0.16105769230769232 0.11538461538461539
5 0.6382211538461539 0.27524038461538464 0.07932692307692307 0.12259615384615384
2 0.43509615384615385 0.9314903846153846 0.08173076923076923 0.10096153846153846
2 0.48677884615384615 0.6129807692307693 0.078125 0.09975961538461539
3 0.390625 0.7103365384615384 0.09014423076923077 0.11778846153846154
10 0.18990384615384615 0.5709134615384616 0.10336538461538461 0.1310096153846154
10 0.5048076923076923 0.71875 0.07451923076923077 0.10697115384615384
10 0.04447115384615385 0.9543269230769231 0.0889423076923077 0.09134615384615384
11 0.4230769230769231 0.8161057692307693 0.07572115384615384 0.109375
9 0.5769230769230769 0.7956730769230769 0.04326923076923077 0.11057692307692307
6 0.5637019230769231 0.6189903846153846 0.06971153846153846 0.10336538461538461
6 0.2800480769230769 0.5168269230769231 0.0985576923076923 0.11538461538461539
5 0.5637019230769231 0.9026442307692307 0.06971153846153846 0.10336538461538461
7 0.0985576923076923 0.8677884615384616 0.10697115384615384 0.14423076923076922
7 0.17067307692307693 0.7139423076923077 0.10096153846153846 0.12860576923076922
7 0.22596153846153846 0.8257211538461539 0.09375 0.12379807692307693
7 0.8641826923076923 0.5228365384615384 0.10817307692307693 0.12740384615384615
9 0.9519230769230769 0.6033653846153846 0.09615384615384616 0.13942307692307693
0 0.9567307692307693 0.7572115384615384 0.08653846153846154 0.14423076923076922
4 0.8665865384615384 0.796875 0.10216346153846154 0.13942307692307693
3 0.7584134615384616 0.5240384615384616 0.0985576923076923 0.12980769230769232
2 0.7932692307692307 0.6538461538461539 0.0985576923076923 0.14302884615384615