2 0.13221153846153846 0.38822115384615385 0.2644230769230769 0.10336538461538461
2 0.125 0.11177884615384616 0.25 0.22355769230769232
6 0.3137019230769231 0.24158653846153846 0.27163461538461536 0.20432692307692307
8 0.04807692307692308 0.29086538461538464 0.09615384615384616 0.1971153846153846
8 0.5625 0.4014423076923077 0.10697115384615384 0.06009615384615385
0 0.6430288461538461 0.36177884615384615 0.109375 0.0673076923076923
0 0.8918269230769231 0.4170673076923077 0.09134615384615384 0.04567307692307692
0 0.5564903846153846 0.11057692307692307 0.11538461538461539 0.07451923076923077
0 0.5432692307692307 0.036057692307692304 0.125 0.07211538461538461
4 0.6875 0.28966346153846156 0.0985576923076923 0.0625
5 0.6742788461538461 0.11177884615384616 0.1141826923076923 0.06971153846153846
6 0.515625 0.28966346153846156 0.09975961538461539 0.06009615384615385
7 0.7860576923076923 0.28725961538461536 0.09975961538461539 0.0625
7 0.9014423076923077 0.3161057692307692 0.10817307692307693 0.054086538461538464
7 0.9146634615384616 0.25841346153846156 0.109375 0.06009615384615385
8 0.4699519230769231 0.20192307692307693 0.040865384615384616 0.0625
9 0.7932692307692307 0.03365384615384615 0.11057692307692307 0.0673076923076923
9 0.7872596153846154 0.1045673076923077 0.11057692307692307 0.07091346153846154
9 0.6742788461538461 0.037259615384615384 0.11298076923076923 0.07451923076923077
9 0.6526442307692307 0.18269230769230768 0.10817307692307693 0.0673076923076923
9 0.4723557692307692 0.109375 0.04567307692307692 0.06971153846153846
11 0.7752403846153846 0.1778846153846154 0.109375 0.06490384615384616
3 0.8822115384615384 0.17427884615384615 0.10576923076923077 0.06610576923076923
1 0.37740384615384615 0.7680288461538461 0.14423076923076922 0.11778846153846154
8 0.22115384615384615 0.6514423076923077 0.15745192307692307 0.11658653846153846
5 0.3737980769230769 0.6286057692307693 0.15144230769230768 0.12259615384615384
6 0.7872596153846154 0.9615384615384616 0.15625 0.07692307692307693
4 0.9326923076923077 0.9675480769230769 0.1346153846153846 0.06490384615384616
7 0.8197115384615384 0.7199519230769231 0.17427884615384615 0.13581730769230768
9 0.6826923076923077 0.6418269230769231 0.16947115384615385 0.13221153846153846