8 0.15264423076923078 0.46875 0.25961538461538464 0.20552884615384615
6 0.3088942307692308 0.3161057692307692 0.21875 0.20432692307692307
0 0.3125 0.5721153846153846 0.21153846153846154 0.11538461538461539
10 0.7175480769230769 0.5997596153846154 0.15625 0.06009615384615385
10 0.9146634615384616 0.3605769230769231 0.1310096153846154 0.10336538461538461
7 0.8701923076923077 0.46274038461538464 0.13701923076923078 0.11057692307692307
9 0.6117788461538461 0.5504807692307693 0.15985576923076922 0.12259615384615384
1 0.6177884615384616 0.40625 0.12980769230769232 0.10576923076923077
1 0.7956730769230769 0.25721153846153844 0.12139423076923077 0.11057692307692307
4 0.7632211538461539 0.3629807692307692 0.13581730769230768 0.10096153846153846
6 0.6550480769230769 0.29927884615384615 0.12860576923076922 0.10697115384615384
9 0.35336538461538464 0.9639423076923077 0.12980769230769232 0.07211538461538461
1 0.3449519230769231 0.6682692307692307 0.1466346153846154 0.07692307692307693
0 0.32572115384615385 0.7764423076923077 0.18509615384615385 0.14903846153846154
2 0.8389423076923077 0.96875 0.08173076923076923 0.0625
2 0.8257211538461539 0.8822115384615384 0.06971153846153846 0.11538461538461539
2 0.6634615384615384 0.8701923076923077 0.06850961538461539 0.10576923076923077
5 0.7019230769230769 0.9831730769230769 0.08173076923076923 0.03365384615384615
5 0.6923076923076923 0.7644230769230769 0.08052884615384616 0.10336538461538461