4 0.2536057692307692 0.35336538461538464 0.22355769230769232 0.15865384615384615
4 0.4795673076923077 0.3425480769230769 0.21394230769230768 0.15144230769230768
7 0.9567307692307693 0.19110576923076922 0.08653846153846154 0.12259615384615384
10 0.9290865384615384 0.3076923076923077 0.09014423076923077 0.1201923076923077
3 0.8329326923076923 0.37740384615384615 0.08774038461538461 0.11778846153846154
11 0.9146634615384616 0.40024038461538464 0.0889423076923077 0.0985576923076923
4 0.9771634615384616 0.40625 0.04567307692307692 0.08653846153846154
1 0.7740384615384616 0.4362980769230769 0.08173076923076923 0.026442307692307692
0 0.6394230769230769 0.39903846153846156 0.0625 0.10096153846153846
1 0.18509615384615385 0.7920673076923077 0.17067307692307693 0.12379807692307693
9 0.25961538461538464 0.90625 0.16947115384615385 0.13581730769230768
2 0.5300480769230769 0.7175480769230769 0.15625 0.11298076923076923
2 0.375 0.7475961538461539 0.1658653846153846 0.11538461538461539
3 0.9903846153846154 0.6670673076923077 0.019230769230769232 0.09375