4 0.12620192307692307 0.34615384615384615 0.22355769230769232 0.15865384615384615
0 0.9579326923076923 0.04807692307692308 0.08413461538461539 0.09615384615384616
1 0.9134615384615384 0.16346153846153846 0.09375 0.12259615384615384
1 0.9795673076923077 0.2439903846153846 0.040865384615384616 0.12740384615384615
6 0.9158653846153846 0.28725961538461536 0.09495192307692307 0.12740384615384615
9 0.9795673076923077 0.36778846153846156 0.040865384615384616 0.12980769230769232
9 0.4963942307692308 0.7632211538461539 0.04567307692307692 0.10817307692307693
8 0.22235576923076922 0.6706730769230769 0.12620192307692307 0.09735576923076923
2 0.1814903846153846 0.7632211538461539 0.1310096153846154 0.09615384615384616
7 0.4579326923076923 0.8461538461538461 0.12259615384615384 0.10576923076923077
6 0.9819711538461539 0.7620192307692307 0.036057692307692304 0.12980769230769232
4 0.9278846153846154 0.8413461538461539 0.11057692307692307 0.1346153846153846
9 0.9519230769230769 0.6598557692307693 0.09615384615384616 0.1466346153846154
11 0.9110576923076923 0.5432692307692307 0.09615384615384616 0.11057692307692307
2 0.8341346153846154 0.6262019230769231 0.09254807692307693 0.13221153846153846
8 0.7367788461538461 0.6334134615384616 0.09495192307692307 0.12980769230769232
10 0.9567307692307693 0.9471153846153846 0.08653846153846154 0.10576923076923077