4 0.41947115384615385 0.17548076923076922 0.22355769230769232 0.15865384615384615
4 0.1935096153846154 0.18629807692307693 0.21394230769230768 0.15144230769230768
6 0.6201923076923077 0.9423076923076923 0.16346153846153846 0.11538461538461539
1 0.6778846153846154 0.8377403846153846 0.1201923076923077 0.12259615384615384
3 0.421875 0.9158653846153846 0.14783653846153846 0.10216346153846154
11 0.40384615384615385 0.8076923076923077 0.14302884615384615 0.10817307692307693
7 0.19471153846153846 0.6887019230769231 0.14423076923076922 0.10817307692307693
6 0.16346153846153846 0.5817307692307693 0.140625 0.10817307692307693
6 0.4963942307692308 0.49038461538461536 0.14302884615384615 0.11177884615384616
9 0.5985576923076923 0.6490384615384616 0.14182692307692307 0.10576923076923077
9 0.4735576923076923 0.38100961538461536 0.14423076923076922 0.1045673076923077
5 0.453125 0.6538461538461539 0.14302884615384615 0.10697115384615384
11 0.9771634615384616 0.9675480769230769 0.04567307692307692 0.06490384615384616
7 0.9771634615384616 0.8858173076923077 0.04567307692307692 0.0985576923076923
6 0.9699519230769231 0.7439903846153846 0.06009615384615385 0.0985576923076923
7 0.9038461538461539 0.7247596153846154 0.07572115384615384 0.09975961538461539
3 0.9735576923076923 0.6382211538461539 0.052884615384615384 0.0985576923076923
2 0.9110576923076923 0.6298076923076923 0.07091346153846154 0.1045673076923077
5 0.8173076923076923 0.6201923076923077 0.07091346153846154 0.09615384615384616
8 0.8100961538461539 0.7163461538461539 0.07211538461538461 0.0985576923076923
2 0.8858173076923077 0.5024038461538461 0.07451923076923077 0.09975961538461539
8 0.9579326923076923 0.5348557692307693 0.07572115384615384 0.10096153846153846
4 0.9735576923076923 0.4483173076923077 0.052884615384615384 0.10817307692307693
1 0.9086538461538461 0.4098557692307692 0.078125 0.10697115384615384