8 0.203125 0.29447115384615385 0.13221153846153846 0.11298076923076923
8 0.21754807692307693 0.4170673076923077 0.10336538461538461 0.10817307692307693
9 0.09735576923076923 0.38100961538461536 0.14783653846153846 0.1141826923076923
7 0.5192307692307693 0.35096153846153844 0.08653846153846154 0.11057692307692307
11 0.6646634615384616 0.47716346153846156 0.09014423076923077 0.12740384615384615
3 0.7079326923076923 0.37259615384615385 0.09254807692307693 0.125
1 0.7860576923076923 0.5 0.09375 0.12379807692307693
4 0.8329326923076923 0.3942307692307692 0.0829326923076923 0.12740384615384615
7 0.8533653846153846 0.29086538461538464 0.09615384615384616 0.12379807692307693
9 0.6670673076923077 0.23677884615384615 0.09615384615384616 0.12860576923076922
1 0.7427884615384616 0.16826923076923078 0.09735576923076923 0.125
11 0.9362980769230769 0.34375 0.09254807692307693 0.12259615384615384
10 0.5252403846153846 0.23798076923076922 0.08173076923076923 0.109375
3 0.08052884615384616 0.6826923076923077 0.0985576923076923 0.08653846153846154
10 0.22716346153846154 0.7235576923076923 0.08413461538461539 0.1346153846153846
9 0.016826923076923076 0.7295673076923077 0.03365384615384615 0.15144230769230768
9 0.45913461538461536 0.8834134615384616 0.0985576923076923 0.07091346153846154
1 0.5540865384615384 0.8858173076923077 0.09495192307692307 0.07211538461538461
1 0.6490384615384616 0.8701923076923077 0.10576923076923077 0.07211538461538461
6 0.7439903846153846 0.8473557692307693 0.09975961538461539 0.078125
4 0.5637019230769231 0.7560096153846154 0.10096153846153846 0.08413461538461539
0 0.5168269230769231 0.6850961538461539 0.10817307692307693 0.07572115384615384