0 0.04567307692307692 0.1622596153846154 0.09134615384615384 0.13701923076923078
8 0.2920673076923077 0.021634615384615384 0.18028846153846154 0.04326923076923077
3 0.7560096153846154 0.3269230769230769 0.10817307692307693 0.1466346153846154
2 0.8617788461538461 0.35697115384615385 0.109375 0.14182692307692307
5 0.026442307692307692 0.8305288461538461 0.052884615384615384 0.11298076923076923
9 0.38100961538461536 0.7524038461538461 0.14302884615384615 0.09975961538461539
9 0.06129807692307692 0.7319711538461539 0.12259615384615384 0.12259615384615384
1 0.08653846153846154 0.5889423076923077 0.16346153846153846 0.1201923076923077
3 0.2127403846153846 0.9002403846153846 0.14423076923076922 0.11298076923076923
8 0.5288461538461539 0.7548076923076923 0.14423076923076922 0.10336538461538461
0 0.13341346153846154 0.96875 0.15144230769230768 0.0625
4 0.6983173076923077 0.8389423076923077 0.07932692307692307 0.08653846153846154
8 0.8701923076923077 0.7980769230769231 0.14302884615384615 0.0829326923076923
8 0.9314903846153846 0.8930288461538461 0.12980769230769232 0.08173076923076923
11 0.890625 0.9663461538461539 0.12740384615384615 0.0673076923076923