11 0.08533653846153846 0.09615384615384616 0.12860576923076922 0.09615384615384616
7 0.3173076923076923 0.23677884615384615 0.08173076923076923 0.0889423076923077
8 0.04807692307692308 0.20552884615384615 0.09615384615384616 0.0985576923076923
4 0.09975961538461539 0.013221153846153846 0.10817307692307693 0.026442307692307692
3 0.16466346153846154 0.16826923076923078 0.12740384615384615 0.10336538461538461
9 0.23557692307692307 0.06971153846153846 0.1201923076923077 0.09134615384615384
5 0.01201923076923077 0.12740384615384615 0.02403846153846154 0.09134615384615384
6 0.2860576923076923 0.014423076923076924 0.1201923076923077 0.028846153846153848
0 0.5132211538461539 0.4014423076923077 0.11538461538461539 0.07451923076923077
0 0.5012019230769231 0.3245192307692308 0.125 0.08052884615384616
4 0.8365384615384616 0.23557692307692307 0.11538461538461539 0.08653846153846154
5 0.9759615384615384 0.5036057692307693 0.04807692307692308 0.05048076923076923
5 0.6310096153846154 0.4026442307692308 0.1141826923076923 0.06971153846153846
6 0.39783653846153844 0.30649038461538464 0.07932692307692307 0.08413461538461539
8 0.9771634615384616 0.1935096153846154 0.04567307692307692 0.08413461538461539
8 0.4026442307692308 0.49278846153846156 0.0889423076923077 0.0625
9 0.7512019230769231 0.32091346153846156 0.11177884615384616 0.078125
9 0.7439903846153846 0.3954326923076923 0.11057692307692307 0.07091346153846154
9 0.6322115384615384 0.328125 0.11298076923076923 0.07572115384615384
9 0.609375 0.4735576923076923 0.10817307692307693 0.0673076923076923
9 0.4050480769230769 0.40024038461538464 0.09375 0.06971153846153846
11 0.7319711538461539 0.46875 0.109375 0.06490384615384616
3 0.8389423076923077 0.4651442307692308 0.10576923076923077 0.06610576923076923
2 0.71875 0.23918269230769232 0.1201923076923077 0.08052884615384616
2 0.5480769230769231 0.24158653846153846 0.11538461538461539 0.08052884615384616
2 0.5480769230769231 0.15384615384615385 0.12860576923076922 0.09375
2 0.4206730769230769 0.21995192307692307 0.125 0.08413461538461539
11 0.21995192307692307 0.8954326923076923 0.09375 0.12620192307692307
7 0.2091346153846154 0.7692307692307693 0.10096153846153846 0.12259615384615384
2 0.34615384615384615 0.7115384615384616 0.02403846153846154 0.14423076923076922
8 0.32572115384615385 0.59375 0.06490384615384616 0.12980769230769232
2 0.2548076923076923 0.5612980769230769 0.10096153846153846 0.06490384615384616
11 0.5012019230769231 0.9290865384615384 0.09375 0.12620192307692307
7 0.49038461538461536 0.8028846153846154 0.10096153846153846 0.12259615384615384
2 0.6694711538461539 0.7463942307692307 0.1045673076923077 0.14423076923076922
3 0.7283653846153846 0.6346153846153846 0.1045673076923077 0.13701923076923078
10 0.7668269230769231 0.8329326923076923 0.10216346153846154 0.13942307692307693
7 0.8617788461538461 0.8894230769230769 0.10096153846153846 0.13942307692307693
9 0.828125 0.5913461538461539 0.10817307692307693 0.125
10 0.7379807692307693 0.5516826923076923 0.10576923076923077 0.04567307692307692
7 0.9146634615384616 0.6057692307692307 0.11057692307692307 0.14182692307692307
9 0.9759615384615384 0.6670673076923077 0.04807692307692308 0.13701923076923078
8 0.6262019230769231 0.6213942307692307 0.10336538461538461 0.14182692307692307
2 0.5360576923076923 0.578125 0.10096153846153846 0.0985576923076923