3 0.040865384615384616 0.3473557692307692 0.08173076923076923 0.10817307692307693
9 0.2283653846153846 0.28725961538461536 0.12259615384615384 0.08774038461538461
8 0.3425480769230769 0.3762019230769231 0.1346153846153846 0.10576923076923077
8 0.23677884615384615 0.19230769230769232 0.12379807692307693 0.10096153846153846
2 0.2668269230769231 0.07692307692307693 0.14543269230769232 0.11778846153846154
2 0.48677884615384615 0.3449519230769231 0.06490384615384616 0.10817307692307693
2 0.41346153846153844 0.2860576923076923 0.14182692307692307 0.10697115384615384
10 0.16826923076923078 0.026442307692307692 0.15865384615384615 0.052884615384615384
7 0.359375 0.02283653846153846 0.1466346153846154 0.04567307692307692
5 0.4567307692307692 0.4326923076923077 0.125 0.10096153846153846
3 0.8653846153846154 0.2668269230769231 0.1346153846153846 0.09615384615384616
3 0.5901442307692307 0.23076923076923078 0.13822115384615385 0.09615384615384616
3 0.9507211538461539 0.040865384615384616 0.0985576923076923 0.08173076923076923
8 0.8605769230769231 0.16826923076923078 0.13822115384615385 0.109375
0 0.5709134615384616 0.03365384615384615 0.10336538461538461 0.0673076923076923
4 0.8305288461538461 0.046875 0.13701923076923078 0.09375
2 0.3317307692307692 0.9146634615384616 0.28365384615384615 0.17067307692307693
2 0.32091346153846156 0.6274038461538461 0.2764423076923077 0.1778846153846154
6 0.453125 0.734375 0.13221153846153846 0.20432692307692307
8 0.15264423076923078 0.7836538461538461 0.30528846153846156 0.1971153846153846
2 0.625 0.7259615384615384 0.21153846153846154 0.14903846153846154
2 0.8004807692307693 0.6502403846153846 0.21514423076923078 0.16466346153846154