3 0.37259615384615385 0.15504807692307693 0.11057692307692307 0.0985576923076923
3 0.04447115384615385 0.43990384615384615 0.0889423076923077 0.10576923076923077
3 0.3329326923076923 0.32572115384615385 0.12620192307692307 0.0889423076923077
1 0.36177884615384615 0.4483173076923077 0.13221153846153846 0.10336538461538461
9 0.02283653846153846 0.3425480769230769 0.04567307692307692 0.0985576923076923
4 0.40625 0.23677884615384615 0.04326923076923077 0.09375
0 0.20793269230769232 0.3245192307692308 0.12620192307692307 0.09375
1 0.7367788461538461 0.03245192307692308 0.10817307692307693 0.06490384615384616
0 0.6298076923076923 0.028846153846153848 0.10096153846153846 0.057692307692307696
8 0.9038461538461539 0.25961538461538464 0.13701923076923078 0.17668269230769232
2 0.8064903846153846 0.15504807692307693 0.12379807692307693 0.17427884615384615
8 0.5492788461538461 0.15144230769230768 0.10697115384615384 0.1466346153846154
9 0.6514423076923077 0.21033653846153846 0.11057692307692307 0.13822115384615385
3 0.5228365384615384 0.2920673076923077 0.10576923076923077 0.13701923076923078
3 0.6141826923076923 0.35336538461538464 0.10096153846153846 0.15625
0 0.027644230769230768 0.5600961538461539 0.055288461538461536 0.1201923076923077
3 0.028846153846153848 0.9050480769230769 0.057692307692307696 0.17067307692307693
9 0.9855769230769231 0.8112980769230769 0.028846153846153848 0.0985576923076923
7 0.9567307692307693 0.8774038461538461 0.07572115384615384 0.09735576923076923
7 0.8918269230769231 0.9038461538461539 0.07211538461538461 0.10336538461538461
6 0.9423076923076923 0.9651442307692307 0.07211538461538461 0.06971153846153846
8 0.890625 0.7896634615384616 0.07572115384615384 0.09134615384615384
5 0.8221153846153846 0.8293269230769231 0.06610576923076923 0.09975961538461539
7 0.7896634615384616 0.9663461538461539 0.06971153846153846 0.0673076923076923
0 0.7199519230769231 0.9855769230769231 0.06971153846153846 0.028846153846153848
10 0.71875 0.8449519230769231 0.06850961538461539 0.09495192307692307
8 0.6923076923076923 0.7572115384615384 0.06850961538461539 0.09495192307692307
11 0.6177884615384616 0.7764423076923077 0.07451923076923077 0.09254807692307693
9 0.6394230769230769 0.8677884615384616 0.0733173076923077 0.09615384615384616