3 0.5288461538461539 0.09495192307692307 0.1201923076923077 0.14182692307692307
11 0.45913461538461536 0.2127403846153846 0.19110576923076922 0.16105769230769232
1 0.16105769230769232 0.13822115384615385 0.19230769230769232 0.14302884615384615
9 0.07692307692307693 0.04567307692307692 0.15384615384615385 0.09134615384615384
6 0.7079326923076923 0.03125 0.07932692307692307 0.0625
7 0.7235576923076923 0.10216346153846154 0.08052884615384616 0.109375
11 0.7620192307692307 0.19230769230769232 0.07932692307692307 0.11057692307692307
10 0.7980769230769231 0.0673076923076923 0.07932692307692307 0.09735576923076923
9 0.8653846153846154 0.036057692307692304 0.08173076923076923 0.07211538461538461
9 0.27283653846153844 0.78125 0.13221153846153846 0.10096153846153846
9 0.5240384615384616 0.8569711538461539 0.12980769230769232 0.10336538461538461
10 0.34375 0.484375 0.14182692307692307 0.10697115384615384
10 0.328125 0.6911057692307693 0.12980769230769232 0.09735576923076923
1 0.16466346153846154 0.578125 0.1310096153846154 0.09134615384615384
6 0.14302884615384615 0.6694711538461539 0.12379807692307693 0.09495192307692307
1 0.421875 0.7908653846153846 0.140625 0.11298076923076923
8 0.4483173076923077 0.5516826923076923 0.14423076923076922 0.10817307692307693
11 0.5721153846153846 0.515625 0.03365384615384615 0.09375
1 0.9807692307692307 0.7980769230769231 0.038461538461538464 0.07211538461538461
5 0.9230769230769231 0.7704326923076923 0.0829326923076923 0.06850961538461539
9 0.9519230769230769 0.8461538461538461 0.09495192307692307 0.07091346153846154
10 0.9675480769230769 0.6802884615384616 0.06490384615384616 0.0625
7 0.8798076923076923 0.8858173076923077 0.09735576923076923 0.0733173076923077
9 0.8401442307692307 0.7800480769230769 0.08052884615384616 0.06129807692307692
11 0.8942307692307693 0.6682692307692307 0.0829326923076923 0.06370192307692307
3 0.8149038461538461 0.6694711538461539 0.07692307692307693 0.06009615384615385
3 0.9651442307692307 0.6189903846153846 0.06971153846153846 0.06009615384615385