3 0.046875 0.057692307692307696 0.09375 0.11538461538461539
3 0.8257211538461539 0.056490384615384616 0.19951923076923078 0.11298076923076923
11 0.9170673076923077 0.15504807692307693 0.1658653846153846 0.13221153846153846
8 0.15264423076923078 0.9435096153846154 0.11778846153846154 0.11298076923076923
8 0.3125 0.7944711538461539 0.11057692307692307 0.13221153846153846
1 0.3473557692307692 0.5889423076923077 0.040865384615384616 0.125
3 0.7848557692307693 0.7920673076923077 0.1346153846153846 0.09014423076923077
2 0.8990384615384616 0.5745192307692307 0.1466346153846154 0.1045673076923077
2 0.4230769230769231 0.5564903846153846 0.11057692307692307 0.0985576923076923
2 0.5841346153846154 0.5673076923076923 0.12620192307692307 0.09735576923076923
2 0.7403846153846154 0.5552884615384616 0.13581730769230768 0.10096153846153846
2 0.7536057692307693 0.4543269230769231 0.14182692307692307 0.10096153846153846
1 0.4807692307692308 0.8100961538461539 0.125 0.08653846153846154
1 0.6153846153846154 0.8185096153846154 0.12860576923076922 0.0985576923076923
11 0.6706730769230769 0.7247596153846154 0.1310096153846154 0.1045673076923077
9 0.9146634615384616 0.8100961538461539 0.12860576923076922 0.09975961538461539
6 0.4891826923076923 0.71875 0.12139423076923077 0.09375
6 0.4026442307692308 0.4543269230769231 0.06971153846153846 0.10576923076923077
5 0.5865384615384616 0.4675480769230769 0.12740384615384615 0.10697115384615384
4 0.9350961538461539 0.4723557692307692 0.12980769230769232 0.10817307692307693