2 0.140625 0.15264423076923078 0.1045673076923077 0.14423076923076922
3 0.19951923076923078 0.2644230769230769 0.1045673076923077 0.13701923076923078
10 0.23677884615384615 0.0673076923076923 0.10336538461538461 0.1346153846153846
7 0.3317307692307692 0.039663461538461536 0.10096153846153846 0.07932692307692307
9 0.29927884615384615 0.3161057692307692 0.10817307692307693 0.14423076923076922
10 0.21033653846153846 0.3942307692307692 0.10697115384615384 0.14302884615384615
7 0.3858173076923077 0.2932692307692308 0.11057692307692307 0.14182692307692307
9 0.47836538461538464 0.23076923076923078 0.10697115384615384 0.13822115384615385
8 0.09735576923076923 0.2776442307692308 0.10336538461538461 0.14182692307692307
2 0.028846153846153848 0.3389423076923077 0.057692307692307696 0.13942307692307693
3 0.8245192307692307 0.24879807692307693 0.16826923076923078 0.1201923076923077
11 0.9555288461538461 0.24158653846153846 0.0889423076923077 0.12740384615384615
1 0.6742788461538461 0.36778846153846156 0.17307692307692307 0.13221153846153846
6 0.6346153846153846 0.4831730769230769 0.11057692307692307 0.11057692307692307
6 0.8016826923076923 0.4723557692307692 0.19471153846153846 0.13221153846153846
9 0.9290865384615384 0.5144230769230769 0.14182692307692307 0.04807692307692308
9 0.037259615384615384 0.5673076923076923 0.07451923076923077 0.057692307692307696
9 0.515625 0.6382211538461539 0.11538461538461539 0.08052884615384616
9 0.4098557692307692 0.7151442307692307 0.11057692307692307 0.07932692307692307
9 0.2860576923076923 0.7992788461538461 0.10697115384615384 0.07932692307692307
1 0.265625 0.5685096153846154 0.10817307692307693 0.06009615384615385
1 0.13341346153846154 0.5649038461538461 0.11298076923076923 0.052884615384615384
1 0.16346153846153846 0.6274038461538461 0.11177884615384616 0.08413461538461539
10 0.27163461538461536 0.6394230769230769 0.10697115384615384 0.08173076923076923
10 0.30288461538461536 0.7199519230769231 0.10697115384615384 0.07932692307692307
8 0.37740384615384615 0.6382211538461539 0.10817307692307693 0.08533653846153846
8 0.036057692307692304 0.7223557692307693 0.07211538461538461 0.07932692307692307
4 0.3713942307692308 0.5673076923076923 0.10817307692307693 0.057692307692307696
6 0.052884615384615384 0.6358173076923077 0.10576923076923077 0.07451923076923077
5 0.3942307692307692 0.7980769230769231 0.11057692307692307 0.078125
2 0.12980769230769232 0.7103365384615384 0.11177884615384616 0.0829326923076923
1 0.8810096153846154 0.8713942307692307 0.17307692307692307 0.12860576923076922
3 0.8966346153846154 0.6117788461538461 0.15264423076923078 0.12259615384615384
7 0.9783653846153846 0.7223557692307693 0.04326923076923077 0.12740384615384615
0 0.8737980769230769 0.7367788461538461 0.16706730769230768 0.1310096153846154
2 0.7007211538461539 0.6165865384615384 0.17427884615384615 0.14302884615384615