11 0.06009615384615385 0.03245192307692308 0.1201923076923077 0.06490384615384616
7 0.25600961538461536 0.24278846153846154 0.12259615384615384 0.09134615384615384
4 0.07211538461538461 0.125 0.10817307692307693 0.08052884615384616
0 0.07451923076923077 0.20552884615384615 0.11177884615384616 0.08413461538461539
9 0.20673076923076922 0.04447115384615385 0.1201923076923077 0.0889423076923077
6 0.25841346153846156 0.12980769230769232 0.12139423076923077 0.09375
6 0.14302884615384615 0.2668269230769231 0.11778846153846154 0.04326923076923077
0 0.6310096153846154 0.08653846153846154 0.20432692307692307 0.17307692307692307
11 0.13341346153846154 0.6141826923076923 0.15745192307692307 0.11899038461538461
9 0.2920673076923077 0.5997596153846154 0.15865384615384615 0.11778846153846154
8 0.06850961538461539 0.8713942307692307 0.13701923076923078 0.13221153846153846
2 0.1814903846153846 0.9447115384615384 0.18028846153846154 0.11057692307692307
3 0.5528846153846154 0.4567307692307692 0.04807692307692308 0.1201923076923077
11 0.6586538461538461 0.4519230769230769 0.15865384615384615 0.12860576923076922
9 0.6189903846153846 0.7680288461538461 0.18028846153846154 0.13701923076923078
9 0.5504807692307693 0.8449519230769231 0.04326923076923077 0.14182692307692307
1 0.6274038461538461 0.9266826923076923 0.18870192307692307 0.13701923076923078