0 0.24759615384615385 0.4567307692307692 0.10817307692307693 0.08052884615384616
4 0.6141826923076923 0.24278846153846154 0.1201923076923077 0.14182692307692307
7 0.7908653846153846 0.125 0.11778846153846154 0.15745192307692307
0 0.8930288461538461 0.06009615384615385 0.11298076923076923 0.1201923076923077
1 0.5372596153846154 0.3557692307692308 0.11778846153846154 0.16105769230769232
3 0.8209134615384616 0.40865384615384615 0.10817307692307693 0.1466346153846154
2 0.9266826923076923 0.3786057692307692 0.109375 0.14182692307692307
11 0.10336538461538461 0.7319711538461539 0.20673076923076922 0.16105769230769232
3 0.2956730769230769 0.7800480769230769 0.1875 0.18028846153846154
6 0.09975961538461539 0.5360576923076923 0.19951923076923078 0.052884615384615384
5 0.7211538461538461 0.6057692307692307 0.125 0.09615384615384616
6 0.9615384615384616 0.5276442307692307 0.07692307692307693 0.036057692307692304
9 0.8257211538461539 0.6586538461538461 0.12379807692307693 0.09375
9 0.9663461538461539 0.8725961538461539 0.0673076923076923 0.10576923076923077
9 0.9615384615384616 0.5841346153846154 0.07692307692307693 0.08173076923076923
2 0.7884615384615384 0.7776442307692307 0.1201923076923077 0.08774038461538461
3 0.8942307692307693 0.8064903846153846 0.11778846153846154 0.08413461538461539
11 0.921875 0.9483173076923077 0.12259615384615384 0.09495192307692307