6 0.3137019230769231 0.09975961538461539 0.05048076923076923 0.1466346153846154
7 0.2692307692307692 0.21634615384615385 0.109375 0.15504807692307693
5 0.7223557692307693 0.27403846153846156 0.2764423076923077 0.14903846153846154
4 0.4567307692307692 0.27283653846153844 0.23557692307692307 0.15144230769230768
10 0.27163461538461536 0.3605769230769231 0.07211538461538461 0.02403846153846154
9 0.19951923076923078 0.41225961538461536 0.0733173076923077 0.09975961538461539
4 0.12860576923076922 0.40384615384615385 0.07211538461538461 0.09615384615384616
9 0.057692307692307696 0.4170673076923077 0.06971153846153846 0.09495192307692307
6 0.051682692307692304 0.3581730769230769 0.06971153846153846 0.019230769230769232
6 0.010817307692307692 0.41947115384615385 0.021634615384615384 0.0889423076923077
6 0.013221153846153846 0.5108173076923077 0.026442307692307692 0.0985576923076923
5 0.06129807692307692 0.5108173076923077 0.07091346153846154 0.09495192307692307
9 0.13341346153846154 0.5108173076923077 0.07211538461538461 0.09495192307692307
11 0.20673076923076922 0.5096153846153846 0.07572115384615384 0.0985576923076923
7 0.27283653846153844 0.4182692307692308 0.0733173076923077 0.09254807692307693
7 0.27884615384615385 0.5408653846153846 0.07572115384615384 0.10096153846153846
3 0.19471153846153846 0.6069711538461539 0.07572115384615384 0.09495192307692307
9 0.10697115384615384 0.6069711538461539 0.0733173076923077 0.09375
1 0.038461538461538464 0.6045673076923077 0.06971153846153846 0.09254807692307693
10 0.26322115384615385 0.6382211538461539 0.07451923076923077 0.09975961538461539
5 0.8822115384615384 0.8497596153846154 0.13822115384615385 0.12139423076923077
7 0.6298076923076923 0.7175480769230769 0.13701923076923078 0.10576923076923077
0 0.6153846153846154 0.8185096153846154 0.13822115384615385 0.10216346153846154
9 0.8137019230769231 0.9459134615384616 0.14182692307692307 0.10817307692307693