10 0.12379807692307693 0.019230769230769232 0.0985576923076923 0.038461538461538464
10 0.36177884615384615 0.3701923076923077 0.09495192307692307 0.06850961538461539
10 0.13701923076923078 0.27283653846153844 0.1045673076923077 0.07572115384615384
8 0.45913461538461536 0.36538461538461536 0.09495192307692307 0.07211538461538461
8 0.2764423076923077 0.17668269230769232 0.09375 0.07451923076923077
7 0.04447115384615385 0.24519230769230768 0.0889423076923077 0.07211538461538461
5 0.18269230769230768 0.16466346153846154 0.09495192307692307 0.0733173076923077
5 0.5637019230769231 0.25240384615384615 0.09375 0.07692307692307693
11 0.3737980769230769 0.296875 0.09735576923076923 0.06850961538461539
11 0.3942307692307692 0.039663461538461536 0.09975961538461539 0.0733173076923077
9 0.375 0.22596153846153846 0.09375 0.07211538461538461
9 0.46875 0.2620192307692308 0.09134615384615384 0.0733173076923077
9 0.15985576923076922 0.07451923076923077 0.10096153846153846 0.07932692307692307
9 0.27884615384615385 0.08052884615384616 0.09615384615384616 0.07692307692307693
9 0.3629807692307692 0.1141826923076923 0.1141826923076923 0.08052884615384616
1 0.44350961538461536 0.16346153846153846 0.11057692307692307 0.07932692307692307
3 0.4891826923076923 0.028846153846153848 0.0985576923076923 0.057692307692307696
6 0.2439903846153846 0.02283653846153846 0.10336538461538461 0.04567307692307692
1 0.8401442307692307 0.027644230769230768 0.12259615384615384 0.055288461538461536
1 0.9495192307692307 0.4423076923076923 0.10096153846153846 0.15384615384615385
7 0.8317307692307693 0.14423076923076922 0.11899038461538461 0.16105769230769232
7 0.9206730769230769 0.24759615384615385 0.1045673076923077 0.14543269230769232
11 0.9338942307692307 0.0673076923076923 0.11298076923076923 0.1346153846153846
0 0.8509615384615384 0.38341346153846156 0.11538461538461539 0.15384615384615385
3 0.4230769230769231 0.7175480769230769 0.19831730769230768 0.16346153846153846
9 0.2127403846153846 0.6923076923076923 0.2091346153846154 0.17067307692307693
8 0.9350961538461539 0.6490384615384616 0.09615384615384616 0.1201923076923077
2 0.9182692307692307 0.7776442307692307 0.09975961538461539 0.13221153846153846