2 0.12740384615384615 0.23197115384615385 0.15504807692307693 0.11658653846153846
2 0.025240384615384616 0.23798076923076922 0.05048076923076923 0.11057692307692307
2 0.109375 0.3425480769230769 0.15144230769230768 0.09375
11 0.1622596153846154 0.038461538461538464 0.17548076923076922 0.07692307692307693
4 0.24879807692307693 0.11658653846153846 0.0985576923076923 0.12259615384615384
8 0.8509615384615384 0.3401442307692308 0.09615384615384616 0.0985576923076923
10 0.6971153846153846 0.2608173076923077 0.09615384615384616 0.12980769230769232
4 0.6009615384615384 0.3016826923076923 0.10336538461538461 0.13581730769230768
0 0.5012019230769231 0.3269230769230769 0.10817307692307693 0.125
9 0.71875 0.3545673076923077 0.10096153846153846 0.06971153846153846
4 0.03125 0.6165865384615384 0.0625 0.1466346153846154
3 0.03245192307692308 0.8689903846153846 0.06490384615384616 0.13701923076923078
9 0.8677884615384616 0.5216346153846154 0.10576923076923077 0.140625
9 0.7524038461538461 0.46153846153846156 0.0985576923076923 0.13581730769230768
10 0.7295673076923077 0.5925480769230769 0.09375 0.13942307692307693
6 0.734375 0.7235576923076923 0.10697115384615384 0.14783653846153846
7 0.6610576923076923 0.8389423076923077 0.109375 0.15504807692307693
5 0.9014423076923077 0.6598557692307693 0.10216346153846154 0.13701923076923078