1 0.11658653846153846 0.5108173076923077 0.10817307692307693 0.055288461538461536
11 0.22355769230769232 0.5120192307692307 0.10576923076923077 0.052884615384615384
9 0.32091346153846156 0.4411057692307692 0.0985576923076923 0.15264423076923078
2 0.037259615384615384 0.4543269230769231 0.07451923076923077 0.15384615384615385
5 0.3894230769230769 0.41346153846153844 0.038461538461538464 0.15865384615384615
9 0.4651442307692308 0.5084134615384616 0.0985576923076923 0.06009615384615385
6 0.7644230769230769 0.4795673076923077 0.09134615384615384 0.11778846153846154
7 0.8617788461538461 0.47475961538461536 0.09254807692307693 0.125
5 0.9579326923076923 0.5024038461538461 0.08413461538461539 0.07211538461538461
6 0.9471153846153846 0.3713942307692308 0.10576923076923077 0.13701923076923078
6 0.07692307692307693 0.9603365384615384 0.15384615384615385 0.07932692307692307
4 0.22716346153846154 0.9663461538461539 0.1466346153846154 0.0673076923076923
7 0.10817307692307693 0.7175480769230769 0.17427884615384615 0.13581730769230768
9 0.027644230769230768 0.6382211538461539 0.055288461538461536 0.13221153846153846
8 0.4411057692307692 0.8822115384615384 0.06490384615384616 0.1346153846153846
9 0.7019230769230769 0.6538461538461539 0.0985576923076923 0.1346153846153846
6 0.7884615384615384 0.5949519230769231 0.09615384615384616 0.11298076923076923