7 0.052884615384615384 0.1622596153846154 0.10576923076923077 0.14182692307692307
9 0.1971153846153846 0.15985576923076922 0.17427884615384615 0.13822115384615385
3 0.21754807692307693 0.04567307692307692 0.19951923076923078 0.09134615384615384
7 0.9050480769230769 0.22596153846153846 0.08774038461538461 0.12259615384615384
10 0.875 0.3401442307692308 0.09134615384615384 0.11778846153846154
3 0.7788461538461539 0.375 0.08653846153846154 0.04807692307692308
7 0.03365384615384615 0.5144230769230769 0.0673076923076923 0.11057692307692307
11 0.16826923076923078 0.4254807692307692 0.09134615384615384 0.052884615384615384
3 0.2127403846153846 0.49278846153846156 0.09254807692307693 0.125
1 0.28966346153846156 0.41225961538461536 0.09375 0.026442307692307692
4 0.33774038461538464 0.47115384615384615 0.0829326923076923 0.12740384615384615
7 0.3581730769230769 0.5745192307692307 0.09615384615384616 0.12379807692307693
9 0.171875 0.6286057692307693 0.09615384615384616 0.12860576923076922
1 0.24759615384615385 0.6971153846153846 0.09735576923076923 0.125
11 0.4411057692307692 0.5216346153846154 0.09254807692307693 0.12259615384615384
10 0.03485576923076923 0.6262019230769231 0.06971153846153846 0.10817307692307693
4 0.7043269230769231 0.5853365384615384 0.10096153846153846 0.1502403846153846
3 0.8076923076923077 0.6574519230769231 0.11057692307692307 0.15504807692307693
9 0.9194711538461539 0.6814903846153846 0.09615384615384616 0.13221153846153846
5 0.9831730769230769 0.7067307692307693 0.03365384615384615 0.125