4 0.025240384615384616 0.21875 0.05048076923076923 0.09615384615384616
9 0.08653846153846154 0.23197115384615385 0.06971153846153846 0.09495192307692307
6 0.09134615384615384 0.13822115384615385 0.06971153846153846 0.09014423076923077
0 0.026442307692307692 0.12259615384615384 0.052884615384615384 0.09615384615384616
4 0.16105769230769232 0.13822115384615385 0.06971153846153846 0.09495192307692307
6 0.15745192307692307 0.23557692307692307 0.07091346153846154 0.0889423076923077
6 0.15384615384615385 0.3269230769230769 0.0733173076923077 0.09735576923076923
1 0.22355769230769232 0.3269230769230769 0.06850961538461539 0.09495192307692307
5 0.0829326923076923 0.32572115384615385 0.07091346153846154 0.09495192307692307
9 0.02283653846153846 0.3245192307692308 0.04567307692307692 0.09615384615384616
9 0.037259615384615384 0.421875 0.0733173076923077 0.09375
1 0.10576923076923077 0.41947115384615385 0.06971153846153846 0.09254807692307693
1 0.7908653846153846 0.19831730769230768 0.109375 0.13942307692307693
0 0.8978365384615384 0.19230769230769232 0.09975961538461539 0.13822115384615385
8 0.625 0.46153846153846156 0.13701923076923078 0.17668269230769232
2 0.7223557692307693 0.35697115384615385 0.12379807692307693 0.17427884615384615
8 0.9627403846153846 0.35216346153846156 0.07451923076923077 0.1466346153846154
9 0.8774038461538461 0.41225961538461536 0.11057692307692307 0.13822115384615385
3 0.9759615384615384 0.49399038461538464 0.04807692307692308 0.13701923076923078
3 0.9134615384615384 0.546875 0.10096153846153846 0.14182692307692307
2 0.14302884615384615 0.7367788461538461 0.1658653846153846 0.125
3 0.055288461538461536 0.8149038461538461 0.11057692307692307 0.125
10 0.29447115384615385 0.8473557692307693 0.14423076923076922 0.11177884615384616
8 0.4074519230769231 0.875 0.08413461538461539 0.10576923076923077
7 0.9375 0.8076923076923077 0.125 0.10576923076923077
4 0.47596153846153844 0.7379807692307693 0.052884615384615384 0.10576923076923077
9 0.8737980769230769 0.7127403846153846 0.14423076923076922 0.10697115384615384
2 0.5625 0.7067307692307693 0.1310096153846154 0.09495192307692307