6 0.359375 0.08653846153846154 0.1201923076923077 0.09134615384615384
6 0.38221153846153844 0.1778846153846154 0.11538461538461539 0.09014423076923077
6 0.2608173076923077 0.265625 0.12259615384615384 0.0889423076923077
9 0.37740384615384615 0.265625 0.11538461538461539 0.08653846153846154
7 0.24158653846153846 0.08653846153846154 0.11899038461538461 0.09254807692307693
7 0.35216346153846156 0.4423076923076923 0.11778846153846154 0.08653846153846154
4 0.2644230769230769 0.17668269230769232 0.11778846153846154 0.08653846153846154
4 0.36899038461538464 0.35216346153846156 0.11538461538461539 0.08533653846153846
0 0.25240384615384615 0.3545673076923077 0.11899038461538461 0.0889423076923077
10 0.234375 0.4423076923076923 0.11778846153846154 0.08653846153846154
3 0.13581730769230768 0.35216346153846156 0.12139423076923077 0.08774038461538461
2 0.140625 0.2644230769230769 0.11899038461538461 0.09134615384615384
9 0.9663461538461539 0.25721153846153844 0.0673076923076923 0.1201923076923077
11 0.8918269230769231 0.2668269230769231 0.08413461538461539 0.11778846153846154
2 0.9026442307692307 0.38341346153846156 0.09134615384615384 0.11298076923076923
8 0.8137019230769231 0.40865384615384615 0.08653846153846154 0.109375
10 0.390625 0.7067307692307693 0.0985576923076923 0.1201923076923077
3 0.25600961538461536 0.8521634615384616 0.15745192307692307 0.11658653846153846
3 0.08413461538461539 0.6754807692307693 0.1658653846153846 0.10576923076923077
4 0.24278846153846154 0.71875 0.17307692307692307 0.1201923076923077
9 0.07451923076923077 0.8040865384615384 0.14903846153846154 0.12259615384615384
0 0.24759615384615385 0.9567307692307693 0.16346153846153846 0.08653846153846154
2 0.3942307692307692 0.8269230769230769 0.09134615384615384 0.125
8 0.8377403846153846 0.8557692307692307 0.21394230769230768 0.14783653846153846
2 0.6394230769230769 0.796875 0.20793269230769232 0.1622596153846154
1 0.8016826923076923 0.6622596153846154 0.20072115384615385 0.14783653846153846
0 0.7584134615384616 0.5456730769230769 0.19471153846153846 0.09134615384615384