0 0.1875 0.08173076923076923 0.08653846153846154 0.1201923076923077
7 0.20072115384615385 0.19951923076923078 0.09134615384615384 0.12740384615384615
1 0.24879807692307693 0.3076923076923077 0.09495192307692307 0.13221153846153846
8 0.30649038461538464 0.34375 0.026442307692307692 0.125
4 0.29447115384615385 0.22115384615384615 0.05048076923076923 0.11057692307692307
0 0.2764423076923077 0.12740384615384615 0.08653846153846154 0.11538461538461539
4 0.2668269230769231 0.037259615384615384 0.09134615384615384 0.07451923076923077
7 0.546875 0.4074519230769231 0.16105769230769232 0.12259615384615384
7 0.6935096153846154 0.44350961538461536 0.1658653846153846 0.05048076923076923
2 0.9435096153846154 0.4098557692307692 0.11298076923076923 0.11778846153846154
4 0.03485576923076923 0.7704326923076923 0.06971153846153846 0.12259615384615384
1 0.2283653846153846 0.7668269230769231 0.15625 0.11538461538461539
3 0.24278846153846154 0.8858173076923077 0.15264423076923078 0.12259615384615384
0 0.21875 0.9723557692307693 0.16826923076923078 0.055288461538461536
2 0.06610576923076923 0.8894230769230769 0.13221153846153846 0.14423076923076922
7 0.38822115384615385 0.7572115384615384 0.13701923076923078 0.1346153846153846
7 0.5432692307692307 0.7620192307692307 0.16947115384615385 0.1310096153846154