8 0.4411057692307692 0.13701923076923078 0.07451923076923077 0.125
5 0.38341346153846156 0.055288461538461536 0.0889423076923077 0.11057692307692307
4 0.45072115384615385 0.25721153846153844 0.055288461538461536 0.11057692307692307
9 0.4206730769230769 0.47836538461538464 0.08052884615384616 0.11177884615384616
1 0.421875 0.36778846153846156 0.08052884615384616 0.10697115384615384
7 0.38221153846153844 0.25841346153846156 0.08173076923076923 0.11057692307692307
9 0.3004807692307692 0.265625 0.08413461538461539 0.10817307692307693
7 0.33774038461538464 0.14302884615384615 0.09375 0.12259615384615384
11 0.26802884615384615 0.06129807692307692 0.0985576923076923 0.12259615384615384
5 0.8822115384615384 0.4050480769230769 0.09735576923076923 0.12980769230769232
0 0.7920673076923077 0.390625 0.0985576923076923 0.13822115384615385
2 0.7223557692307693 0.4723557692307692 0.1045673076923077 0.13822115384615385
3 0.6394230769230769 0.39903846153846156 0.10697115384615384 0.12620192307692307
7 0.703125 0.30528846153846156 0.09975961538461539 0.1310096153846154
9 0.9002403846153846 0.28125 0.09495192307692307 0.12980769230769232
6 0.3762019230769231 0.9867788461538461 0.16105769230769232 0.026442307692307692
10 0.7932692307692307 0.9555288461538461 0.15384615384615385 0.0889423076923077