7 0.055288461538461536 0.20192307692307693 0.11057692307692307 0.15865384615384615
8 0.14423076923076922 0.10697115384615384 0.11658653846153846 0.15745192307692307
7 0.4639423076923077 0.14903846153846154 0.07211538461538461 0.10336538461538461
6 0.4375 0.07091346153846154 0.019230769230769232 0.0985576923076923
8 0.4651442307692308 0.2620192307692308 0.07451923076923077 0.09134615384615384
5 0.5336538461538461 0.22355769230769232 0.06610576923076923 0.09975961538461539
7 0.5661057692307693 0.07091346153846154 0.06971153846153846 0.09615384615384616
0 0.6334134615384616 0.039663461538461536 0.06971153846153846 0.07932692307692307
10 0.6370192307692307 0.20793269230769232 0.06850961538461539 0.09495192307692307
8 0.6634615384615384 0.2956730769230769 0.06850961538461539 0.09495192307692307
11 0.7379807692307693 0.2764423076923077 0.07451923076923077 0.09254807692307693
9 0.7163461538461539 0.18509615384615385 0.0733173076923077 0.09615384615384616
5 0.02403846153846154 0.7620192307692307 0.04807692307692308 0.12980769230769232
10 0.07211538461538461 0.49399038461538464 0.14423076923076922 0.1658653846153846
2 0.018028846153846152 0.8930288461538461 0.036057692307692304 0.12259615384615384
1 0.328125 0.5300480769230769 0.1935096153846154 0.14903846153846154
3 0.15985576923076922 0.6262019230769231 0.203125 0.15865384615384615
3 0.359375 0.6730769230769231 0.13701923076923078 0.14903846153846154
11 0.47596153846153844 0.8473557692307693 0.09615384615384616 0.0889423076923077
11 0.7151442307692307 0.7283653846153846 0.12860576923076922 0.09615384615384616
7 0.953125 0.8689903846153846 0.09375 0.0889423076923077
7 0.9158653846153846 0.5 0.12139423076923077 0.09254807692307693
7 0.5180288461538461 0.6225961538461539 0.13221153846153846 0.09615384615384616
7 0.45552884615384615 0.7608173076923077 0.055288461538461536 0.09375
8 0.6670673076923077 0.8389423076923077 0.12139423076923077 0.0985576923076923
4 0.7307692307692307 0.6201923076923077 0.10817307692307693 0.08052884615384616
0 0.7331730769230769 0.5396634615384616 0.11177884615384616 0.08413461538461539
3 0.7944711538461539 0.8004807692307693 0.12740384615384615 0.10336538461538461
10 0.609375 0.5612980769230769 0.12620192307692307 0.09615384615384616
9 0.8653846153846154 0.7019230769230769 0.1201923076923077 0.09134615384615384
5 0.5961538461538461 0.7596153846153846 0.11899038461538461 0.09134615384615384
6 0.9170673076923077 0.6153846153846154 0.12139423076923077 0.09375
6 0.8028846153846154 0.453125 0.11778846153846154 0.09254807692307693