9 0.5697115384615384 0.11177884615384616 0.1201923076923077 0.12259615384615384
9 0.38100961538461536 0.07932692307692307 0.14302884615384615 0.11057692307692307
10 0.5 0.21153846153846154 0.15625 0.11658653846153846
10 0.15745192307692307 0.32211538461538464 0.16105769230769232 0.11778846153846154
7 0.2403846153846154 0.10216346153846154 0.1466346153846154 0.11778846153846154
8 0.2920673076923077 0.25961538461538464 0.15745192307692307 0.11899038461538461
6 0.47115384615384615 0.32091346153846156 0.15865384615384615 0.1201923076923077
4 0.3425480769230769 0.37259615384615385 0.15625 0.07211538461538461
4 0.9615384615384616 0.265625 0.07692307692307693 0.14182692307692307
7 0.8076923076923077 0.14903846153846154 0.11778846153846154 0.15745192307692307
0 0.703125 0.07211538461538461 0.11298076923076923 0.14423076923076922
3 0.7776442307692307 0.38341346153846156 0.10817307692307693 0.05048076923076923
2 0.6778846153846154 0.3701923076923077 0.09615384615384616 0.07692307692307693
2 0.5252403846153846 0.6225961538461539 0.16105769230769232 0.11778846153846154
2 0.22596153846153846 0.47716346153846156 0.17067307692307693 0.125
5 0.2848557692307692 0.6045673076923077 0.18509615384615385 0.1310096153846154
4 0.5180288461538461 0.75 0.17548076923076922 0.13822115384615385
9 0.9831730769230769 0.8173076923076923 0.03365384615384615 0.0625
4 0.7560096153846154 0.8954326923076923 0.078125 0.07091346153846154
6 0.8389423076923077 0.8605769230769231 0.08173076923076923 0.06009615384615385
10 0.7992788461538461 0.9615384615384616 0.08173076923076923 0.06009615384615385
1 0.7067307692307693 0.9507211538461539 0.09014423076923077 0.07091346153846154
5 0.6466346153846154 0.9206730769230769 0.03365384615384615 0.0673076923076923
9 0.6634615384615384 0.9807692307692307 0.0673076923076923 0.038461538461538464
0 0.7319711538461539 0.9927884615384616 0.08413461538461539 0.014423076923076924
8 0.7596153846153846 0.8293269230769231 0.08653846153846154 0.06009615384615385
10 0.6766826923076923 0.8329326923076923 0.08173076923076923 0.06129807692307692
7 0.8822115384615384 0.9663461538461539 0.08653846153846154 0.06009615384615385
3 0.671875 0.7716346153846154 0.0829326923076923 0.06009615384615385
2 0.7548076923076923 0.7680288461538461 0.08173076923076923 0.057692307692307696
4 0.8449519230769231 0.8004807692307693 0.0829326923076923 0.06129807692307692
6 0.9266826923076923 0.8197115384615384 0.0829326923076923 0.0625