6 0.22235576923076922 0.17307692307692307 0.140625 0.109375
2 0.04927884615384615 0.17908653846153846 0.0985576923076923 0.11778846153846154
4 0.2608173076923077 0.07091346153846154 0.13942307692307693 0.11177884615384616
8 0.0829326923076923 0.07572115384615384 0.14543269230769232 0.10697115384615384
9 0.7127403846153846 0.12980769230769232 0.13221153846153846 0.10096153846153846
9 0.9495192307692307 0.051682692307692304 0.10096153846153846 0.10336538461538461
10 0.7824519230769231 0.4206730769230769 0.14182692307692307 0.09615384615384616
10 0.7680288461538461 0.21995192307692307 0.12980769230769232 0.09735576923076923
1 0.6045673076923077 0.3329326923076923 0.1310096153846154 0.09134615384615384
6 0.5829326923076923 0.24158653846153846 0.12379807692307693 0.09495192307692307
1 0.8617788461538461 0.1201923076923077 0.140625 0.11298076923076923
8 0.8882211538461539 0.359375 0.14423076923076922 0.10817307692307693
2 0.2692307692307692 0.9110576923076923 0.28365384615384615 0.1778846153846154
2 0.2776442307692308 0.5889423076923077 0.2764423076923077 0.2403846153846154
6 0.10576923076923077 0.7271634615384616 0.21153846153846154 0.20432692307692307
8 0.40625 0.7764423076923077 0.22596153846153846 0.1971153846153846
0 0.07692307692307693 0.9627403846153846 0.15384615384615385 0.07451923076923077
10 0.7463942307692307 0.8125 0.16706730769230768 0.125
2 0.6165865384615384 0.7295673076923077 0.17307692307692307 0.140625
6 0.8076923076923077 0.9867788461538461 0.16346153846153846 0.026442307692307692