10 0.5216346153846154 0.31850961538461536 0.15384615384615385 0.12259615384615384
3 0.5 0.12259615384615384 0.1971153846153846 0.16346153846153846
9 0.2920673076923077 0.14903846153846154 0.2091346153846154 0.17067307692307693
2 0.6466346153846154 0.359375 0.09615384615384616 0.040865384615384616
8 0.6947115384615384 0.3016826923076923 0.09975961538461539 0.1346153846153846
9 0.9603365384615384 0.07211538461538461 0.07932692307692307 0.1346153846153846
5 0.1875 0.6165865384615384 0.13822115384615385 0.12139423076923077
7 0.43990384615384615 0.7487980769230769 0.13701923076923078 0.10576923076923077
0 0.4543269230769231 0.6478365384615384 0.13822115384615385 0.10216346153846154
9 0.2548076923076923 0.5192307692307693 0.14182692307692307 0.10697115384615384
4 0.6995192307692307 0.7307692307692307 0.12259615384615384 0.09134615384615384
7 0.6574519230769231 0.8557692307692307 0.11778846153846154 0.09615384615384616
9 0.6225961538461539 0.7764423076923077 0.04807692307692308 0.09615384615384616
0 0.8149038461538461 0.7512019230769231 0.11899038461538461 0.0889423076923077
7 0.7247596153846154 0.5925480769230769 0.12980769230769232 0.09735576923076923
7 0.6165865384615384 0.5673076923076923 0.036057692307692304 0.09134615384615384
10 0.6442307692307693 0.6538461538461539 0.09134615384615384 0.10096153846153846