5 0.22235576923076922 0.06129807692307692 0.0985576923076923 0.12259615384615384
0 0.13341346153846154 0.056490384615384616 0.0985576923076923 0.11298076923076923
2 0.06370192307692307 0.12620192307692307 0.1045673076923077 0.13822115384615385
3 0.016826923076923076 0.057692307692307696 0.03365384615384615 0.11538461538461539
6 0.8810096153846154 0.39663461538461536 0.140625 0.109375
2 0.6850961538461539 0.4026442307692308 0.14423076923076922 0.11778846153846154
2 0.6129807692307693 0.20432692307692307 0.15985576923076922 0.11778846153846154
4 0.9194711538461539 0.29447115384615385 0.13942307692307693 0.11177884615384616
8 0.7415865384615384 0.29927884615384615 0.14543269230769232 0.10697115384615384
3 0.7427884615384616 0.14423076923076922 0.15865384615384615 0.11778846153846154
3 0.33774038461538464 0.7103365384615384 0.15504807692307693 0.11177884615384616
2 0.17307692307692307 0.9038461538461539 0.13221153846153846 0.09375
1 0.014423076923076924 0.7680288461538461 0.028846153846153848 0.10336538461538461
9 0.20793269230769232 0.65625 0.15264423076923078 0.11899038461538461
4 0.15625 0.8052884615384616 0.13822115384615385 0.10216346153846154
3 0.7451923076923077 0.7223557692307693 0.12259615384615384 0.15865384615384615
3 0.6033653846153846 0.9206730769230769 0.10817307692307693 0.12860576923076922
3 0.4579326923076923 0.8762019230769231 0.07932692307692307 0.13221153846153846
3 0.6478365384615384 0.6502403846153846 0.11057692307692307 0.14783653846153846
8 0.7055288461538461 0.5240384615384616 0.10336538461538461 0.11057692307692307
8 0.4723557692307692 0.9675480769230769 0.10817307692307693 0.06490384615384616
4 0.59375 0.7860576923076923 0.09975961538461539 0.125
6 0.5060096153846154 0.6971153846153846 0.11177884615384616 0.1466346153846154
1 0.44350961538461536 0.625 0.05048076923076923 0.14903846153846154