3 0.5048076923076923 0.1346153846153846 0.1814903846153846 0.14182692307692307
3 0.4543269230769231 0.02403846153846154 0.20192307692307693 0.04807692307692308
3 0.7608173076923077 0.22596153846153846 0.1310096153846154 0.10096153846153846
3 0.6478365384615384 0.21875 0.0985576923076923 0.09615384615384616
3 0.8004807692307693 0.028846153846153848 0.12980769230769232 0.057692307692307696
1 0.9254807692307693 0.11298076923076923 0.12740384615384615 0.10096153846153846
0 0.6658653846153846 0.027644230769230768 0.1346153846153846 0.055288461538461536
0 0.7896634615384616 0.12139423076923077 0.140625 0.10096153846153846
10 0.49158653846153844 0.9555288461538461 0.16105769230769232 0.0889423076923077
3 0.32572115384615385 0.8257211538461539 0.15745192307692307 0.11658653846153846
3 0.15264423076923078 0.9747596153846154 0.1658653846153846 0.05048076923076923
4 0.3125 0.9495192307692307 0.17307692307692307 0.10096153846153846
9 0.13701923076923078 0.8737980769230769 0.16706730769230768 0.12259615384615384
1 0.03125 0.9158653846153846 0.0625 0.1201923076923077
0 0.3173076923076923 0.7007211538461539 0.16346153846153846 0.12740384615384615
2 0.5012019230769231 0.8509615384615384 0.1658653846153846 0.125
3 0.9338942307692307 0.9375 0.08052884615384616 0.109375
3 0.6274038461538461 0.9435096153846154 0.057692307692307696 0.11298076923076923
3 0.9903846153846154 0.6971153846153846 0.019230769230769232 0.125
1 0.7992788461538461 0.8545673076923077 0.08774038461538461 0.125
8 0.9471153846153846 0.7536057692307693 0.0829326923076923 0.12980769230769232
6 0.7776442307692307 0.7295673076923077 0.09735576923076923 0.12620192307692307
9 0.8665865384615384 0.5276442307692307 0.09375 0.11778846153846154
5 0.9254807692307693 0.6237980769230769 0.08653846153846154 0.140625