6 0.3245192307692308 0.39783653846153844 0.12980769230769232 0.16105769230769232
10 0.27524038461538464 0.24519230769230768 0.1346153846153846 0.17067307692307693
2 0.13221153846153846 0.06610576923076923 0.1346153846153846 0.13221153846153846
5 0.2620192307692308 0.0733173076923077 0.1201923076923077 0.1466346153846154
5 0.6129807692307693 0.23317307692307693 0.125 0.09615384615384616
6 0.8713942307692307 0.33653846153846156 0.11177884615384616 0.08653846153846154
9 0.7175480769230769 0.18028846153846154 0.12379807692307693 0.09375
9 0.8713942307692307 0.2536057692307692 0.11177884615384616 0.0829326923076923
2 0.6802884615384616 0.06129807692307692 0.1201923076923077 0.08774038461538461
3 0.7848557692307693 0.037259615384615384 0.11778846153846154 0.07451923076923077
11 0.12259615384615384 0.7259615384615384 0.11298076923076923 0.09014423076923077
11 0.36899038461538464 0.6057692307692307 0.12860576923076922 0.09615384615384616
7 0.171875 0.5132211538461539 0.13221153846153846 0.06971153846153846
7 0.08173076923076923 0.6394230769230769 0.11177884615384616 0.09375
8 0.32091346153846156 0.7163461538461539 0.12139423076923077 0.0985576923076923
4 0.38341346153846156 0.5072115384615384 0.10817307692307693 0.057692307692307696
3 0.44711538461538464 0.6766826923076923 0.125 0.10336538461538461
9 0.484375 0.5793269230769231 0.05048076923076923 0.09134615384615384
5 0.25 0.6370192307692307 0.11899038461538461 0.09134615384615384
3 0.7644230769230769 0.8894230769230769 0.09975961538461539 0.07091346153846154
2 0.9819711538461539 0.6346153846153846 0.036057692307692304 0.09134615384615384
2 0.9555288461538461 0.5132211538461539 0.0889423076923077 0.06971153846153846
2 0.5925480769230769 0.7860576923076923 0.09975961538461539 0.078125
8 0.5745192307692307 0.6490384615384616 0.11057692307692307 0.07932692307692307
8 0.8653846153846154 0.8870192307692307 0.0985576923076923 0.0733173076923077
8 0.9831730769230769 0.9375 0.03365384615384615 0.07692307692307693
7 0.6850961538461539 0.6550480769230769 0.109375 0.08052884615384616
7 0.7307692307692307 0.49038461538461536 0.11538461538461539 0.02403846153846154
7 0.8846153846153846 0.9891826923076923 0.10576923076923077 0.021634615384615384
10 0.9591346153846154 0.7836538461538461 0.08173076923076923 0.07692307692307693
9 0.7403846153846154 0.546875 0.10576923076923077 0.08653846153846154
6 0.8641826923076923 0.5504807692307693 0.12620192307692307 0.09735576923076923
6 0.8629807692307693 0.7848557692307693 0.10697115384615384 0.07932692307692307
4 0.9050480769230769 0.6514423076923077 0.11298076923076923 0.09495192307692307
5 0.6995192307692307 0.7752403846153846 0.11177884615384616 0.07572115384615384