11 0.21634615384615385 0.1875 0.15264423076923078 0.11298076923076923
7 0.30408653846153844 0.5396634615384616 0.15625 0.11778846153846154
3 0.19110576923076922 0.3004807692307692 0.14543269230769232 0.11298076923076923
8 0.359375 0.265625 0.14543269230769232 0.10697115384615384
5 0.3233173076923077 0.3762019230769231 0.1502403846153846 0.11658653846153846
9 0.5973557692307693 0.4266826923076923 0.14182692307692307 0.12259615384615384
1 0.4855769230769231 0.3545673076923077 0.16346153846153846 0.12259615384615384
9 0.7680288461538461 0.4170673076923077 0.08173076923076923 0.06370192307692307
4 0.9903846153846154 0.49278846153846156 0.019230769230769232 0.07211538461538461
6 0.9375 0.45913461538461536 0.08173076923076923 0.06009615384615385
10 0.9675480769230769 0.5588942307692307 0.06490384615384616 0.06009615384615385
8 0.9867788461538461 0.4266826923076923 0.026442307692307692 0.06009615384615385
7 0.8942307692307693 0.5649038461538461 0.08653846153846154 0.06009615384615385
2 0.9903846153846154 0.36538461538461536 0.019230769230769232 0.057692307692307696
4 0.9314903846153846 0.39903846153846156 0.0829326923076923 0.06129807692307692
6 0.8497596153846154 0.4182692307692308 0.0829326923076923 0.0625
9 0.14543269230769232 0.6153846153846154 0.0985576923076923 0.03365384615384615
6 0.44471153846153844 0.6430288461538461 0.09134615384615384 0.0889423076923077
7 0.5408653846153846 0.6478365384615384 0.09134615384615384 0.0985576923076923
5 0.6322115384615384 0.6201923076923077 0.07211538461538461 0.04326923076923077
6 0.6213942307692307 0.7391826923076923 0.09375 0.13701923076923078
6 0.6814903846153846 0.6538461538461539 0.026442307692307692 0.08173076923076923
1 0.7247596153846154 0.7259615384615384 0.06850961538461539 0.09615384615384616
4 0.6778846153846154 0.7632211538461539 0.019230769230769232 0.07932692307692307
4 0.7584134615384616 0.65625 0.06850961538461539 0.09375
8 0.8257211538461539 0.7007211538461539 0.0625 0.08413461538461539
5 0.8076923076923077 0.7788461538461539 0.06971153846153846 0.08173076923076923
6 0.6983173076923077 0.859375 0.06009615384615385 0.0829326923076923
7 0.7139423076923077 0.9411057692307693 0.06009615384615385 0.08413461538461539