6 0.4338942307692308 0.35096153846153844 0.109375 0.14783653846153846
6 0.3798076923076923 0.23918269230769232 0.10697115384615384 0.1310096153846154
4 0.28846153846153844 0.16105769230769232 0.11057692307692307 0.1346153846153846
9 0.3173076923076923 0.34134615384615385 0.10216346153846154 0.1466346153846154
11 0.27283653846153844 0.4699519230769231 0.09735576923076923 0.13221153846153846
2 0.19471153846153846 0.3762019230769231 0.09254807692307693 0.13221153846153846
8 0.09735576923076923 0.36899038461538464 0.09495192307692307 0.12980769230769232
10 0.33052884615384615 0.052884615384615384 0.11298076923076923 0.10576923076923077
8 0.41947115384615385 0.11899038461538461 0.11057692307692307 0.1466346153846154
1 0.4855769230769231 0.22956730769230768 0.10576923076923077 0.1466346153846154
11 0.8605769230769231 0.5408653846153846 0.15264423076923078 0.11298076923076923
7 0.7716346153846154 0.18629807692307693 0.15504807692307693 0.12259615384615384
3 0.8858173076923077 0.42788461538461536 0.14543269230769232 0.11298076923076923
8 0.7175480769230769 0.46274038461538464 0.14543269230769232 0.10697115384615384
5 0.7536057692307693 0.35216346153846156 0.1502403846153846 0.11658653846153846
6 0.7067307692307693 0.07451923076923077 0.14182692307692307 0.11177884615384616
1 0.6057692307692307 0.3737980769230769 0.1346153846153846 0.12259615384615384
11 0.47475961538461536 0.9855769230769231 0.12740384615384615 0.028846153846153848
11 0.1971153846153846 0.9254807692307693 0.1346153846153846 0.1045673076923077
7 0.46875 0.9182692307692307 0.13942307692307693 0.10576923076923077
7 0.06490384615384616 0.9435096153846154 0.12980769230769232 0.10336538461538461
3 0.20432692307692307 0.9879807692307693 0.13942307692307693 0.02403846153846154
5 0.33774038461538464 0.9471153846153846 0.14182692307692307 0.1045673076923077
9 0.5997596153846154 0.9579326923076923 0.12259615384615384 0.08413461538461539
9 0.7115384615384616 0.9086538461538461 0.1875 0.14302884615384615
1 0.5973557692307693 0.828125 0.11778846153846154 0.13701923076923078