1 0.07091346153846154 0.056490384615384616 0.14182692307692307 0.11298076923076923
7 0.14783653846153846 0.4362980769230769 0.12740384615384615 0.06490384615384616
7 0.25841346153846156 0.3894230769230769 0.12259615384615384 0.15865384615384615
9 0.3401442307692308 0.03485576923076923 0.10336538461538461 0.06971153846153846
0 0.17307692307692307 0.13701923076923078 0.12259615384615384 0.16947115384615385
9 0.7956730769230769 0.3954326923076923 0.20192307692307693 0.1466346153846154
8 0.6838942307692307 0.2668269230769231 0.21394230769230768 0.171875
11 0.49158653846153844 0.41947115384615385 0.1466346153846154 0.0985576923076923
1 0.49399038461538464 0.296875 0.15144230769230768 0.14182692307692307
9 0.06129807692307692 0.5288461538461539 0.12259615384615384 0.1201923076923077
7 0.7199519230769231 0.7824519230769231 0.15745192307692307 0.20793269230769232
8 0.8762019230769231 0.8389423076923077 0.14903846153846154 0.21754807692307693