7 0.29927884615384615 0.19951923076923078 0.08774038461538461 0.12259615384615384
10 0.2704326923076923 0.08413461538461539 0.09014423076923077 0.1201923076923077
3 0.17307692307692307 0.036057692307692304 0.08653846153846154 0.07211538461538461
11 0.25600961538461536 0.020432692307692308 0.0889423076923077 0.040865384615384616
6 0.4266826923076923 0.038461538461538464 0.09375 0.07692307692307693
3 0.6322115384615384 0.125 0.125 0.09615384615384616
3 0.6213942307692307 0.22235576923076922 0.10336538461538461 0.09375
2 0.8293269230769231 0.054086538461538464 0.15384615384615385 0.10817307692307693
11 0.20793269230769232 0.7668269230769231 0.125 0.09975961538461539
9 0.31971153846153844 0.859375 0.11778846153846154 0.0829326923076923
9 0.4375 0.8557692307692307 0.11298076923076923 0.09134615384615384
9 0.5192307692307693 0.6778846153846154 0.10096153846153846 0.09134615384615384
9 0.27163461538461536 0.5757211538461539 0.1310096153846154 0.08653846153846154
7 0.16105769230769232 0.6790865384615384 0.12620192307692307 0.09495192307692307
7 0.08413461538461539 0.43028846153846156 0.11538461538461539 0.09254807692307693
11 0.44711538461538464 0.7692307692307693 0.11778846153846154 0.08533653846153846
7 0.4110576923076923 0.6790865384615384 0.1141826923076923 0.08653846153846154
6 0.2932692307692308 0.6658653846153846 0.11177884615384616 0.09495192307692307
5 0.328125 0.7680288461538461 0.1201923076923077 0.08653846153846154
10 0.34615384615384615 0.47596153846153844 0.12139423076923077 0.08774038461538461
0 0.11658653846153846 0.5192307692307693 0.12139423076923077 0.09975961538461539
8 0.22596153846153846 0.49158653846153844 0.11778846153846154 0.1045673076923077
7 0.5901442307692307 0.671875 0.040865384615384616 0.12740384615384615
10 0.5865384615384616 0.5192307692307693 0.03365384615384615 0.125
9 0.5961538461538461 0.40625 0.052884615384615384 0.09615384615384616
9 0.6478365384615384 0.5552884615384616 0.09615384615384616 0.12740384615384615
10 0.6466346153846154 0.7415865384615384 0.09615384615384616 0.12980769230769232
4 0.7259615384615384 0.6394230769230769 0.0985576923076923 0.12980769230769232
6 0.7752403846153846 0.7548076923076923 0.09254807692307693 0.12860576923076922
1 0.7367788461538461 0.5072115384615384 0.09254807692307693 0.12379807692307693
5 0.6682692307692307 0.41466346153846156 0.09134615384615384 0.11298076923076923