8 0.19471153846153846 0.21033653846153846 0.1346153846153846 0.17427884615384615
7 0.13581730769230768 0.06610576923076923 0.12740384615384615 0.13221153846153846
2 0.8653846153846154 0.5228365384615384 0.06490384615384616 0.08774038461538461
7 0.8028846153846154 0.515625 0.06009615384615385 0.07932692307692307
6 0.7439903846153846 0.5432692307692307 0.055288461538461536 0.07211538461538461
7 0.6838942307692307 0.5276442307692307 0.05889423076923077 0.0829326923076923
0 0.6550480769230769 0.5649038461538461 0.06490384615384616 0.028846153846153848
5 0.5949519230769231 0.546875 0.06490384615384616 0.06490384615384616
2 0.6274038461538461 0.47475961538461536 0.056490384615384616 0.07451923076923077
8 0.625 0.4026442307692308 0.06009615384615385 0.07932692307692307
10 0.7367788461538461 0.421875 0.06490384615384616 0.09254807692307693
9 0.6911057692307693 0.36177884615384615 0.0673076923076923 0.09375
6 0.7800480769230769 0.36778846153846156 0.0673076923076923 0.09375
9 0.8305288461538461 0.41947115384615385 0.06490384615384616 0.09134615384615384
3 0.8894230769230769 0.44711538461538464 0.057692307692307696 0.0829326923076923
7 0.09014423076923077 0.7980769230769231 0.0829326923076923 0.11298076923076923
10 0.056490384615384616 0.6887019230769231 0.08653846153846154 0.11298076923076923
6 0.7319711538461539 0.8810096153846154 0.0829326923076923 0.11899038461538461
7 0.7608173076923077 0.7487980769230769 0.08052884615384616 0.1045673076923077
6 0.6899038461538461 0.6947115384615384 0.078125 0.1045673076923077
2 0.6742788461538461 0.8028846153846154 0.08533653846153846 0.11778846153846154
3 0.6105769230769231 0.7391826923076923 0.08653846153846154 0.10697115384615384
7 0.703125 0.6189903846153846 0.07932692307692307 0.07932692307692307
10 0.7788461538461539 0.6394230769230769 0.07932692307692307 0.09735576923076923
9 0.8473557692307693 0.6875 0.08052884615384616 0.10817307692307693