1 0.4026442307692308 0.051682692307692304 0.15625 0.10336538461538461
11 0.11057692307692307 0.07211538461538461 0.14302884615384615 0.10817307692307693
6 0.20192307692307693 0.3557692307692308 0.14423076923076922 0.04807692307692308
9 0.30528846153846156 0.23076923076923078 0.14182692307692307 0.10576923076923077
5 0.15985576923076922 0.22596153846153846 0.14302884615384615 0.10697115384615384
8 0.8641826923076923 0.02283653846153846 0.07932692307692307 0.04567307692307692
11 0.703125 0.03245192307692308 0.07451923076923077 0.06490384615384616
7 0.7043269230769231 0.11538461538461539 0.07572115384615384 0.0985576923076923
9 0.7896634615384616 0.0673076923076923 0.07451923076923077 0.109375
10 0.8737980769230769 0.0985576923076923 0.07692307692307693 0.10817307692307693
7 0.7992788461538461 0.31971153846153844 0.08052884615384616 0.11538461538461539
6 0.6887019230769231 0.25841346153846156 0.07451923076923077 0.0985576923076923
7 0.625 0.2764423076923077 0.052884615384615384 0.10096153846153846
3 0.6947115384615384 0.34615384615384615 0.07211538461538461 0.0673076923076923
2 0.6274038461538461 0.34975961538461536 0.057692307692307696 0.06009615384615385
7 0.5841346153846154 0.703125 0.028846153846153848 0.12740384615384615
1 0.5588942307692307 0.8112980769230769 0.07932692307692307 0.13221153846153846
8 0.47716346153846156 0.8485576923076923 0.09134615384615384 0.125
5 0.4098557692307692 0.9362980769230769 0.0889423076923077 0.125
4 0.4987980769230769 0.7271634615384616 0.09735576923076923 0.11057692307692307
0 0.5372596153846154 0.6322115384615384 0.09375 0.11538461538461539
4 0.5492788461538461 0.5180288461538461 0.09134615384615384 0.12259615384615384
9 0.44711538461538464 0.5072115384615384 0.08052884615384616 0.11177884615384616
1 0.4483173076923077 0.6177884615384616 0.08052884615384616 0.10697115384615384
7 0.40865384615384615 0.7271634615384616 0.08173076923076923 0.11057692307692307
9 0.3269230769230769 0.7199519230769231 0.08413461538461539 0.10817307692307693
7 0.3641826923076923 0.8425480769230769 0.09375 0.12259615384615384
11 0.2956730769230769 0.9254807692307693 0.0985576923076923 0.12740384615384615
11 0.7475961538461539 0.5997596153846154 0.1502403846153846 0.10697115384615384
1 0.8040865384615384 0.7043269230769231 0.14543269230769232 0.1201923076923077