8 0.16826923076923078 0.5288461538461539 0.1346153846153846 0.10096153846153846
7 0.22716346153846154 0.4014423076923077 0.12740384615384615 0.17427884615384615
11 0.43149038461538464 0.3425480769230769 0.12139423076923077 0.171875
3 0.5216346153846154 0.4411057692307692 0.11778846153846154 0.16947115384615385
9 0.17908653846153846 0.8882211538461539 0.09375 0.0673076923076923
9 0.5721153846153846 0.8713942307692307 0.09014423076923077 0.06971153846153846
8 0.3161057692307692 0.796875 0.09375 0.06971153846153846
8 0.3389423076923077 0.9375 0.09495192307692307 0.07211538461538461
8 0.15144230769230768 0.7668269230769231 0.08653846153846154 0.06971153846153846
1 0.2620192307692308 0.9146634615384616 0.09375 0.0673076923076923
1 0.234375 0.8293269230769231 0.10096153846153846 0.06971153846153846
11 0.4110576923076923 0.9663461538461539 0.09134615384615384 0.0673076923076923
3 0.46274038461538464 0.9170673076923077 0.09975961538461539 0.07451923076923077
10 0.48677884615384615 0.8509615384615384 0.08653846153846154 0.06129807692307692
2 0.234375 0.7512019230769231 0.08413461538461539 0.07091346153846154
6 0.42427884615384615 0.7463942307692307 0.09254807692307693 0.0673076923076923
4 0.5096153846153846 0.7764423076923077 0.09134615384615384 0.07451923076923077
5 0.3942307692307692 0.8786057692307693 0.08653846153846154 0.07211538461538461
0 0.24278846153846154 0.9771634615384616 0.09134615384615384 0.04567307692307692
1 0.8858173076923077 0.9639423076923077 0.17067307692307693 0.07211538461538461
9 0.9375 0.8762019230769231 0.125 0.13701923076923078