10 0.07572115384615384 0.14423076923076922 0.15144230769230768 0.11057692307692307
2 0.1971153846153846 0.06850961538461539 0.17307692307692307 0.13701923076923078
3 0.6959134615384616 0.17548076923076922 0.0985576923076923 0.04807692307692308
2 0.5252403846153846 0.08413461538461539 0.09975961538461539 0.078125
2 0.9699519230769231 0.15985576923076922 0.06009615384615385 0.07932692307692307
8 0.796875 0.17307692307692307 0.0985576923076923 0.052884615384615384
10 0.9014423076923077 0.0829326923076923 0.10096153846153846 0.07572115384615384
6 0.7956730769230769 0.0829326923076923 0.10697115384615384 0.07932692307692307
5 0.6322115384615384 0.0733173076923077 0.11177884615384616 0.07572115384615384
1 0.18269230769230768 0.8786057692307693 0.109375 0.13942307692307693
0 0.28966346153846156 0.8846153846153846 0.09975961538461539 0.13822115384615385
8 0.042067307692307696 0.6141826923076923 0.08413461538461539 0.17548076923076922
2 0.1141826923076923 0.7199519230769231 0.12379807692307693 0.17427884615384615
8 0.3629807692307692 0.7223557692307693 0.09134615384615384 0.1466346153846154
9 0.2692307692307692 0.6646634615384616 0.11057692307692307 0.13822115384615385
3 0.3762019230769231 0.5829326923076923 0.06490384615384616 0.13701923076923078
3 0.30649038461538464 0.5216346153846154 0.10096153846153846 0.15625
7 0.16706730769230768 0.3112980769230769 0.12259615384615384 0.15745192307692307
8 0.2608173076923077 0.24639423076923078 0.11778846153846154 0.09375
3 0.5793269230769231 0.9230769230769231 0.140625 0.09975961538461539
3 0.9387019230769231 0.6370192307692307 0.12259615384615384 0.10576923076923077
3 0.6358173076923077 0.7536057692307693 0.12620192307692307 0.0889423076923077
1 0.46153846153846156 0.7295673076923077 0.10576923076923077 0.10336538461538461
1 0.5961538461538461 0.6274038461538461 0.15384615384615385 0.10817307692307693
11 0.5096153846153846 0.5336538461538461 0.15384615384615385 0.125
9 0.7139423076923077 0.47836538461538464 0.15264423076923078 0.11899038461538461
9 0.9603365384615384 0.734375 0.07932692307692307 0.0985576923076923
4 0.5144230769230769 0.8413461538461539 0.13942307692307693 0.09495192307692307
0 0.7608173076923077 0.7548076923076923 0.12620192307692307 0.09375
7 0.4495192307692308 0.4338942307692308 0.08173076923076923 0.11778846153846154
10 0.5384615384615384 0.3641826923076923 0.16105769230769232 0.12740384615384615
5 0.8052884615384616 0.375 0.15504807692307693 0.12620192307692307