4 0.1346153846153846 0.23918269230769232 0.10096153846153846 0.1502403846153846
3 0.23798076923076922 0.16706730769230768 0.11057692307692307 0.15504807692307693
3 0.6021634615384616 0.15384615384615385 0.055288461538461536 0.1201923076923077
2 0.6117788461538461 0.2824519230769231 0.036057692307692304 0.12740384615384615
8 0.5540865384615384 0.2403846153846154 0.09134615384615384 0.11899038461538461
8 0.5420673076923077 0.109375 0.08413461538461539 0.11177884615384616
11 0.59375 0.037259615384615384 0.07211538461538461 0.07451923076923077
9 0.34975961538461536 0.14302884615384615 0.09615384615384616 0.13221153846153846
5 0.44350961538461536 0.11778846153846154 0.09134615384615384 0.125
1 0.828125 0.24879807692307693 0.1935096153846154 0.14903846153846154
3 0.6947115384615384 0.34375 0.12980769230769232 0.15865384615384615
3 0.8846153846153846 0.39302884615384615 0.18509615384615385 0.14783653846153846
7 0.27283653846153844 0.9375 0.20432692307692307 0.125
10 0.3737980769230769 0.8100961538461539 0.2127403846153846 0.1622596153846154
3 0.3233173076923077 0.6370192307692307 0.19951923076923078 0.07692307692307693
9 0.1141826923076923 0.6514423076923077 0.2091346153846154 0.10576923076923077
9 0.7836538461538461 0.9759615384615384 0.11538461538461539 0.04807692307692308
9 0.6814903846153846 0.9170673076923077 0.10336538461538461 0.07932692307692307
8 0.6646634615384616 0.9747596153846154 0.06971153846153846 0.05048076923076923
11 0.8966346153846154 0.9771634615384616 0.10576923076923077 0.04567307692307692
5 0.6742788461538461 0.8329326923076923 0.0889423076923077 0.07932692307692307