9 0.046875 0.2956730769230769 0.09375 0.02403846153846154
1 0.2848557692307692 0.296875 0.10817307692307693 0.021634615384615384
1 0.15264423076923078 0.29086538461538464 0.11298076923076923 0.03365384615384615
4 0.390625 0.296875 0.10817307692307693 0.021634615384615384
6 0.18269230769230768 0.3389423076923077 0.1201923076923077 0.0625
6 0.16105769230769232 0.41586538461538464 0.11538461538461539 0.09014423076923077
6 0.2824519230769231 0.5036057692307693 0.12259615384615384 0.0889423076923077
9 0.22115384615384615 0.7668269230769231 0.1141826923076923 0.08774038461538461
9 0.1658653846153846 0.5036057692307693 0.11538461538461539 0.08653846153846154
7 0.3004807692307692 0.3389423076923077 0.1201923076923077 0.0625
7 0.19110576923076922 0.6802884615384616 0.11778846153846154 0.08653846153846154
4 0.27884615384615385 0.41466346153846156 0.11778846153846154 0.08653846153846154
4 0.17427884615384615 0.5901442307692307 0.11538461538461539 0.08533653846153846
0 0.29086538461538464 0.5925480769230769 0.11899038461538461 0.0889423076923077
10 0.3088942307692308 0.6802884615384616 0.11778846153846154 0.08653846153846154
7 0.3389423076923077 0.7692307692307693 0.11778846153846154 0.09254807692307693
3 0.4074519230769231 0.5901442307692307 0.12139423076923077 0.08774038461538461
2 0.4026442307692308 0.5024038461538461 0.11899038461538461 0.09134615384615384
9 0.9290865384615384 0.34134615384615385 0.14182692307692307 0.0673076923076923
9 0.9519230769230769 0.5721153846153846 0.09615384615384616 0.14903846153846154
8 0.8930288461538461 0.7019230769230769 0.21394230769230768 0.171875
11 0.6826923076923077 0.5324519230769231 0.18509615384615385 0.1310096153846154
1 0.6887019230769231 0.6706730769230769 0.18269230769230768 0.14302884615384615