9 0.46033653846153844 0.0889423076923077 0.07932692307692307 0.14903846153846154
8 0.4014423076923077 0.21754807692307693 0.1971153846153846 0.17067307692307693
11 0.19831730769230768 0.056490384615384616 0.18509615384615385 0.11298076923076923
1 0.20552884615384615 0.1875 0.18269230769230768 0.14302884615384615
2 0.734375 0.11298076923076923 0.16105769230769232 0.11778846153846154
5 0.9411057692307693 0.09375 0.11778846153846154 0.12980769230769232
4 0.7415865384615384 0.2403846153846154 0.17548076923076922 0.13822115384615385
10 0.3786057692307692 0.5637019230769231 0.15625 0.10817307692307693
10 0.18389423076923078 0.8293269230769231 0.1310096153846154 0.10336538461538461
7 0.2283653846153846 0.7271634615384616 0.13701923076923078 0.11057692307692307
9 0.453125 0.6382211538461539 0.09375 0.12259615384615384
1 0.4579326923076923 0.7836538461538461 0.08413461538461539 0.10576923076923077
1 0.30288461538461536 0.9326923076923077 0.12139423076923077 0.11057692307692307
4 0.33533653846153844 0.8269230769230769 0.13581730769230768 0.10096153846153846
6 0.4387019230769231 0.8894230769230769 0.12259615384615384 0.10576923076923077
7 0.6129807692307693 0.7584134615384616 0.22596153846153846 0.25240384615384615
7 0.8016826923076923 0.5973557692307693 0.3004807692307692 0.17548076923076922
7 0.9326923076923077 0.7463942307692307 0.1346153846153846 0.24278846153846154
0 0.8016826923076923 0.8978365384615384 0.3389423076923077 0.20432692307692307