0 0.01201923076923077 0.15504807692307693 0.02403846153846154 0.07451923076923077
7 0.025240384615384616 0.234375 0.05048076923076923 0.09375
5 0.05048076923076923 0.12740384615384615 0.06610576923076923 0.08774038461538461
2 0.02283653846153846 0.042067307692307696 0.04567307692307692 0.07451923076923077
8 0.09495192307692307 0.1935096153846154 0.06490384615384616 0.09014423076923077
7 0.7199519230769231 0.4543269230769231 0.18509615384615385 0.09134615384615384
5 0.6478365384615384 0.33413461538461536 0.20432692307692307 0.15865384615384615
1 0.9026442307692307 0.4182692307692308 0.18870192307692307 0.15985576923076922
7 0.025240384615384616 0.6502403846153846 0.05048076923076923 0.12259615384615384
7 0.11778846153846154 0.5805288461538461 0.16706730769230768 0.12259615384615384
2 0.38221153846153844 0.6490384615384616 0.14302884615384615 0.11778846153846154
10 0.3317307692307692 0.546875 0.15384615384615385 0.09375
4 0.49399038461538464 0.7860576923076923 0.06971153846153846 0.07211538461538461
10 0.4735576923076923 0.7199519230769231 0.028846153846153848 0.06009615384615385
1 0.5408653846153846 0.7319711538461539 0.09014423076923077 0.07091346153846154
5 0.625 0.7608173076923077 0.0829326923076923 0.06850961538461539
9 0.5961538461538461 0.6850961538461539 0.09495192307692307 0.07091346153846154
0 0.5144230769230769 0.6634615384615384 0.08413461538461539 0.06610576923076923
8 0.4951923076923077 0.8521634615384616 0.07211538461538461 0.06009615384615385
10 0.5709134615384616 0.8497596153846154 0.08173076923076923 0.06129807692307692
7 0.6682692307692307 0.6454326923076923 0.09735576923076923 0.0733173076923077
9 0.7079326923076923 0.7512019230769231 0.08052884615384616 0.06129807692307692
11 0.6538461538461539 0.8629807692307693 0.0829326923076923 0.06370192307692307
3 0.7331730769230769 0.8617788461538461 0.07692307692307693 0.06009615384615385
3 0.5757211538461539 0.9110576923076923 0.0829326923076923 0.06009615384615385
2 0.4963942307692308 0.9134615384615384 0.07451923076923077 0.057692307692307696