3 0.4519230769230769 0.34134615384615385 0.09975961538461539 0.07091346153846154
2 0.15144230769230768 0.36658653846153844 0.11538461538461539 0.08052884615384616
8 0.35096153846153844 0.34375 0.0985576923076923 0.0733173076923077
8 0.19471153846153846 0.2920673076923077 0.10817307692307693 0.07692307692307693
7 0.3317307692307692 0.2127403846153846 0.10576923076923077 0.07692307692307693
10 0.2956730769230769 0.14302884615384615 0.1045673076923077 0.0673076923076923
10 0.24759615384615385 0.4326923076923077 0.10096153846153846 0.052884615384615384
6 0.35216346153846156 0.4326923076923077 0.10817307692307693 0.052884615384615384
5 0.5084134615384616 0.4375 0.0985576923076923 0.04326923076923077
1 0.6213942307692307 0.037259615384615384 0.12259615384615384 0.07451923076923077
7 0.6322115384615384 0.16346153846153846 0.11899038461538461 0.16105769230769232
7 0.5757211538461539 0.265625 0.036057692307692304 0.1466346153846154
11 0.5721153846153846 0.0829326923076923 0.028846153846153848 0.14182692307692307
0 0.6141826923076923 0.3918269230769231 0.11298076923076923 0.1346153846153846
2 0.4423076923076923 0.5516826923076923 0.14423076923076922 0.11778846153846154
2 0.3701923076923077 0.75 0.15985576923076922 0.11778846153846154
8 0.49158653846153844 0.6538461538461539 0.13221153846153846 0.10576923076923077
3 0.4891826923076923 0.8088942307692307 0.13701923076923078 0.11778846153846154
2 0.90625 0.8028846153846154 0.15384615384615385 0.11899038461538461
3 0.8966346153846154 0.9170673076923077 0.15504807692307693 0.11658653846153846
6 0.6838942307692307 0.9567307692307693 0.17548076923076922 0.08653846153846154
4 0.5865384615384616 0.9122596153846154 0.057692307692307696 0.13221153846153846