6 0.05048076923076923 0.24639423076923078 0.10096153846153846 0.10817307692307693
2 0.2283653846153846 0.24158653846153846 0.14423076923076922 0.11778846153846154
2 0.29927884615384615 0.41947115384615385 0.16105769230769232 0.07932692307692307
4 0.03125 0.3485576923076923 0.0625 0.11057692307692307
8 0.171875 0.3449519230769231 0.14543269230769232 0.10697115384615384
6 0.6995192307692307 0.030048076923076924 0.1201923076923077 0.06009615384615385
1 0.6658653846153846 0.12620192307692307 0.052884615384615384 0.18509615384615385
3 0.36658653846153844 0.7175480769230769 0.1346153846153846 0.09014423076923077
2 0.4807692307692308 0.9350961538461539 0.1466346153846154 0.1045673076923077
2 0.030048076923076924 0.9519230769230769 0.06009615384615385 0.09615384615384616
2 0.1658653846153846 0.9423076923076923 0.12620192307692307 0.09735576923076923
2 0.32091346153846156 0.9519230769230769 0.13701923076923078 0.09615384615384616
1 0.0625 0.6995192307692307 0.125 0.08653846153846154
1 0.1971153846153846 0.6911057692307693 0.12860576923076922 0.0985576923076923
11 0.25240384615384615 0.7848557692307693 0.1310096153846154 0.1045673076923077
9 0.4963942307692308 0.6995192307692307 0.12860576923076922 0.09975961538461539
6 0.07091346153846154 0.7908653846153846 0.12139423076923077 0.09375
9 0.9471153846153846 0.8028846153846154 0.09014423076923077 0.1201923076923077
2 0.9879807692307693 0.9290865384615384 0.02403846153846154 0.11298076923076923