2 0.23076923076923078 0.18990384615384615 0.15384615384615385 0.11899038461538461
3 0.22115384615384615 0.07572115384615384 0.15504807692307693 0.11658653846153846
6 0.04807692307692308 0.038461538461538464 0.09615384615384616 0.07692307692307693
8 0.9543269230769231 0.23677884615384615 0.09134615384615384 0.17548076923076922
2 0.8798076923076923 0.34134615384615385 0.125 0.17307692307692307
8 0.6237980769230769 0.34615384615384615 0.10697115384615384 0.1466346153846154
9 0.7259615384615384 0.28725961538461536 0.11057692307692307 0.13822115384615385
3 0.5973557692307693 0.20552884615384615 0.10576923076923077 0.13701923076923078
3 0.6887019230769231 0.14423076923076922 0.10096153846153846 0.15625
6 0.3317307692307692 0.7596153846153846 0.11538461538461539 0.18269230769230768
1 0.36658653846153844 0.5997596153846154 0.04567307692307692 0.18509615384615385
0 0.22716346153846154 0.9483173076923077 0.13221153846153846 0.10336538461538461
7 0.09975961538461539 0.9651442307692307 0.12259615384615384 0.06971153846153846
1 0.5204326923076923 0.9735576923076923 0.10817307692307693 0.052884615384615384
0 0.4266826923076923 0.9771634615384616 0.07451923076923077 0.04567307692307692
8 0.6875 0.7548076923076923 0.13701923076923078 0.17668269230769232
2 0.5901442307692307 0.859375 0.12379807692307693 0.17427884615384615
9 0.43990384615384615 0.8028846153846154 0.10096153846153846 0.13942307692307693
3 0.4182692307692308 0.6598557692307693 0.057692307692307696 0.15625
7 0.5372596153846154 0.47836538461538464 0.12259615384615384 0.10096153846153846