3 0.47836538461538464 0.056490384615384616 0.13942307692307693 0.11298076923076923
3 0.5216346153846154 0.37740384615384615 0.052884615384615384 0.15384615384615385
9 0.31971153846153844 0.02403846153846154 0.20192307692307693 0.04807692307692308
2 0.140625 0.4375 0.2091346153846154 0.08173076923076923
1 0.30408653846153844 0.3449519230769231 0.20072115384615385 0.14783653846153846
0 0.2620192307692308 0.20072115384615385 0.1935096153846154 0.14903846153846154
8 0.6790865384615384 0.07211538461538461 0.09134615384615384 0.125
10 0.65625 0.19831730769230768 0.0889423076923077 0.12139423076923077
0 0.5793269230769231 0.20432692307692307 0.0625 0.125
4 0.5865384615384616 0.0829326923076923 0.07692307692307693 0.13221153846153846
1 0.6069711538461539 0.41466346153846156 0.09134615384615384 0.12740384615384615
6 0.6959134615384616 0.3581730769230769 0.09134615384615384 0.12259615384615384
4 0.6983173076923077 0.44711538461538464 0.09375 0.0625
7 0.4951923076923077 0.6790865384615384 0.09014423076923077 0.1201923076923077
0 0.4074519230769231 0.71875 0.09134615384615384 0.12379807692307693
7 0.27163461538461536 0.7524038461538461 0.09375 0.12860576923076922
3 0.3449519230769231 0.8185096153846154 0.09254807692307693 0.12860576923076922
10 0.2776442307692308 0.9050480769230769 0.09254807692307693 0.12620192307692307
8 0.3629807692307692 0.9483173076923077 0.09134615384615384 0.10336538461538461
11 0.42908653846153844 0.8677884615384616 0.09134615384615384 0.12259615384615384
9 0.25721153846153844 0.9855769230769231 0.08653846153846154 0.028846153846153848
9 0.18870192307692307 0.8701923076923077 0.09615384615384616 0.12740384615384615
10 0.18990384615384615 0.6838942307692307 0.09615384615384616 0.12980769230769232
4 0.11057692307692307 0.7860576923076923 0.0985576923076923 0.12980769230769232
6 0.06129807692307692 0.6706730769230769 0.09254807692307693 0.12860576923076922
1 0.09975961538461539 0.9182692307692307 0.09254807692307693 0.12379807692307693
5 0.1658653846153846 0.9771634615384616 0.09134615384615384 0.04567307692307692
4 0.5036057692307693 0.9230769230769231 0.0889423076923077 0.12980769230769232
9 0.7608173076923077 0.8810096153846154 0.11538461538461539 0.08052884615384616
9 0.8665865384615384 0.9579326923076923 0.11057692307692307 0.07932692307692307
1 0.9771634615384616 0.8004807692307693 0.04567307692307692 0.08173076923076923
10 0.9747596153846154 0.8822115384615384 0.05048076923076923 0.08173076923076923
10 0.9591346153846154 0.9615384615384616 0.08173076923076923 0.07692307692307693
8 0.8990384615384616 0.8810096153846154 0.10817307692307693 0.08533653846153846
4 0.9038461538461539 0.8004807692307693 0.10697115384615384 0.08052884615384616
11 0.6490384615384616 0.8798076923076923 0.10576923076923077 0.08052884615384616