1 0.6598557692307693 0.2247596153846154 0.07932692307692307 0.15625
11 0.30528846153846156 0.2247596153846154 0.22235576923076922 0.16105769230769232
3 0.0985576923076923 0.17427884615384615 0.1971153846153846 0.18028846153846154
2 0.0985576923076923 0.4879807692307692 0.1971153846153846 0.1201923076923077
6 0.30649038461538464 0.4699519230769231 0.21394230769230768 0.15625
6 0.6538461538461539 0.07211538461538461 0.09134615384615384 0.14423076923076922
7 0.7283653846153846 0.03245192307692308 0.057692307692307696 0.06490384615384616
6 0.3545673076923077 0.9663461538461539 0.06009615384615385 0.0673076923076923
4 0.35336538461538464 0.8942307692307693 0.06009615384615385 0.078125
10 0.2956730769230769 0.9122596153846154 0.05889423076923077 0.0829326923076923
6 0.23677884615384615 0.9134615384615384 0.057692307692307696 0.08173076923076923
1 0.17908653846153846 0.8413461538461539 0.06850961538461539 0.09615384615384616
4 0.24519230769230768 0.8028846153846154 0.05889423076923077 0.078125
0 0.30528846153846156 0.8088942307692307 0.06009615384615385 0.08052884615384616
4 0.14543269230769232 0.9110576923076923 0.06850961538461539 0.09375
9 0.23197115384615385 0.9747596153846154 0.06009615384615385 0.05048076923076923
8 0.28966346153846156 0.9759615384615384 0.06009615384615385 0.04807692307692308
8 0.078125 0.8665865384615384 0.0625 0.08413461538461539
5 0.09615384615384616 0.7884615384615384 0.06971153846153846 0.08173076923076923
6 0.20552884615384615 0.7079326923076923 0.06009615384615385 0.0829326923076923
11 0.2956730769230769 0.6790865384615384 0.06009615384615385 0.0829326923076923
3 0.35336538461538464 0.6790865384615384 0.06009615384615385 0.08052884615384616
7 0.18990384615384615 0.6262019230769231 0.06009615384615385 0.08413461538461539
4 0.7944711538461539 0.7043269230769231 0.1201923076923077 0.14182692307692307
1 0.8713942307692307 0.609375 0.11778846153846154 0.12259615384615384