9 0.039663461538461536 0.33533653846153844 0.07932692307692307 0.12259615384615384
9 0.21033653846153846 0.30288461538461536 0.14302884615384615 0.11057692307692307
10 0.09134615384615384 0.43509615384615385 0.15625 0.11658653846153846
10 0.4206730769230769 0.5072115384615384 0.1346153846153846 0.04326923076923077
7 0.35096153846153844 0.32572115384615385 0.1466346153846154 0.11778846153846154
8 0.2980769230769231 0.47596153846153844 0.15865384615384615 0.10576923076923077
6 0.1201923076923077 0.5060096153846154 0.15865384615384615 0.04567307692307692
2 0.7403846153846154 0.34134615384615385 0.15384615384615385 0.11899038461538461
3 0.75 0.45552884615384615 0.15504807692307693 0.11658653846153846
6 0.9362980769230769 0.49038461538461536 0.12740384615384615 0.07692307692307693
1 0.20192307692307693 0.6983173076923077 0.19230769230769232 0.14302884615384615
9 0.3004807692307692 0.5901442307692307 0.1875 0.12259615384615384
9 0.7331730769230769 0.6117788461538461 0.09014423076923077 0.06971153846153846
8 0.5060096153846154 0.6862980769230769 0.036057692307692304 0.06971153846153846
8 0.5168269230769231 0.5552884615384616 0.057692307692307696 0.052884615384615384
11 0.5721153846153846 0.5384615384615384 0.09134615384615384 0.019230769230769232
3 0.6237980769230769 0.5661057692307693 0.09975961538461539 0.07451923076923077
10 0.6478365384615384 0.6322115384615384 0.08653846153846154 0.06129807692307692
6 0.5853365384615384 0.7367788461538461 0.09254807692307693 0.0673076923076923
4 0.6706730769230769 0.7067307692307693 0.09134615384615384 0.07451923076923077
5 0.5552884615384616 0.6045673076923077 0.08653846153846154 0.07211538461538461