9 0.040865384615384616 0.027644230769230768 0.08173076923076923 0.055288461538461536
8 0.11298076923076923 0.21995192307692307 0.1658653846153846 0.12259615384615384
8 0.5552884615384616 0.2283653846153846 0.14302884615384615 0.11899038461538461
7 0.25240384615384615 0.2980769230769231 0.1622596153846154 0.12860576923076922
3 0.40384615384615385 0.21033653846153846 0.15745192307692307 0.11658653846153846
5 0.12139423076923077 0.0829326923076923 0.17548076923076922 0.13341346153846154
6 0.9411057692307693 0.027644230769230768 0.11778846153846154 0.055288461538461536
9 0.9338942307692307 0.19230769230769232 0.125 0.09615384615384616
2 0.15985576923076922 0.6370192307692307 0.15144230769230768 0.11177884615384616
2 0.4519230769230769 0.6766826923076923 0.15504807692307693 0.11658653846153846
2 0.59375 0.6826923076923077 0.12980769230769232 0.11057692307692307
2 0.46875 0.8004807692307693 0.15144230769230768 0.11778846153846154
3 0.038461538461538464 0.6237980769230769 0.07692307692307693 0.11778846153846154
11 0.41466346153846156 0.5048076923076923 0.17548076923076922 0.03365384615384615
6 0.18870192307692307 0.7536057692307693 0.16706730769230768 0.1201923076923077
4 0.2980769230769231 0.5612980769230769 0.16105769230769232 0.12259615384615384
5 0.6033653846153846 0.8052884615384616 0.11057692307692307 0.12980769230769232
5 0.7115384615384616 0.9603365384615384 0.0829326923076923 0.06850961538461539
10 0.6778846153846154 0.8701923076923077 0.038461538461538464 0.0625
9 0.7932692307692307 0.96875 0.08173076923076923 0.0625
11 0.7403846153846154 0.8581730769230769 0.0829326923076923 0.06370192307692307
3 0.8197115384615384 0.859375 0.07692307692307693 0.06009615384615385
3 0.6802884615384616 0.8088942307692307 0.04326923076923077 0.06009615384615385