8 0.2668269230769231 0.037259615384615384 0.17307692307692307 0.07451923076923077
2 0.13701923076923078 0.09134615384615384 0.1814903846153846 0.12980769230769232
2 0.9266826923076923 0.037259615384615384 0.1466346153846154 0.07451923076923077
3 0.9206730769230769 0.1310096153846154 0.15504807692307693 0.11658653846153846
6 0.7091346153846154 0.1935096153846154 0.17548076923076922 0.1310096153846154
4 0.5564903846153846 0.12620192307692307 0.1658653846153846 0.13221153846153846
6 0.38461538461538464 0.6622596153846154 0.14903846153846154 0.12259615384615384
11 0.9182692307692307 0.5096153846153846 0.15384615384615385 0.11778846153846154
7 0.5144230769230769 0.5625 0.11057692307692307 0.11057692307692307
7 0.8774038461538461 0.7139423076923077 0.15625 0.11778846153846154
9 0.7896634615384616 0.45072115384615385 0.15745192307692307 0.11177884615384616
6 0.7584134615384616 0.6346153846153846 0.1502403846153846 0.11298076923076923
4 0.6310096153846154 0.8990384615384616 0.15625 0.11057692307692307
0 0.7524038461538461 0.8269230769230769 0.15625 0.10817307692307693
10 0.546875 0.6670673076923077 0.14543269230769232 0.10336538461538461