0 0.49278846153846156 0.4182692307692308 0.10817307692307693 0.08052884615384616
4 0.47716346153846156 0.5012019230769231 0.1141826923076923 0.08413461538461539
9 0.7824519230769231 0.2824519230769231 0.0889423076923077 0.07932692307692307
1 0.7932692307692307 0.042067307692307696 0.109375 0.0829326923076923
1 0.9266826923076923 0.037259615384615384 0.11298076923076923 0.07451923076923077
1 0.8966346153846154 0.11057692307692307 0.11177884615384616 0.08413461538461539
10 0.7896634615384616 0.12259615384615384 0.10336538461538461 0.08173076923076923
10 0.7740384615384616 0.203125 0.07211538461538461 0.07932692307692307
6 0.9771634615384616 0.11899038461538461 0.04567307692307692 0.07451923076923077
2 0.9302884615384616 0.1935096153846154 0.11177884615384616 0.0829326923076923
10 0.53125 0.59375 0.11538461538461539 0.07211538461538461
3 0.2536057692307692 0.7524038461538461 0.10697115384615384 0.14783653846153846
9 0.41466346153846156 0.6213942307692307 0.11778846153846154 0.12740384615384615
6 0.4807692307692308 0.7403846153846154 0.1141826923076923 0.14423076923076922
11 0.36658653846153844 0.7632211538461539 0.1141826923076923 0.15384615384615385
9 0.5949519230769231 0.7067307692307693 0.11177884615384616 0.1502403846153846
6 0.6862980769230769 0.6586538461538461 0.10336538461538461 0.15384615384615385
7 0.7007211538461539 0.8112980769230769 0.07451923076923077 0.15144230769230768
11 0.8569711538461539 0.8569711538461539 0.11177884615384616 0.1466346153846154
8 0.7668269230769231 0.8088942307692307 0.057692307692307696 0.15144230769230768
7 0.8581730769230769 0.9651442307692307 0.11538461538461539 0.06971153846153846
2 0.7680288461538461 0.9399038461538461 0.06009615384615385 0.1201923076923077