3 0.11658653846153846 0.2920673076923077 0.14182692307692307 0.07451923076923077
3 0.06129807692307692 0.21995192307692307 0.12259615384615384 0.11778846153846154
9 0.33413461538461536 0.24879807692307693 0.12259615384615384 0.08774038461538461
8 0.42908653846153844 0.30649038461538464 0.0985576923076923 0.04567307692307692
8 0.3425480769230769 0.15384615384615385 0.12379807692307693 0.10096153846153846
2 0.3713942307692308 0.04807692307692308 0.1466346153846154 0.09615384615384616
2 0.46274038461538464 0.24639423076923078 0.03125 0.10817307692307693
10 0.6346153846153846 0.13221153846153846 0.21875 0.16346153846153846
9 0.040865384615384616 0.6742788461538461 0.08173076923076923 0.18990384615384615
6 0.12379807692307693 0.6153846153846154 0.1346153846153846 0.18269230769230768
1 0.06129807692307692 0.45552884615384615 0.12259615384615384 0.18509615384615385
0 0.23798076923076922 0.8425480769230769 0.13221153846153846 0.1778846153846154
7 0.36538461538461536 0.8725961538461539 0.12379807692307693 0.171875
7 0.8497596153846154 0.9278846153846154 0.21875 0.14423076923076922
9 0.9122596153846154 0.7788461538461539 0.17548076923076922 0.16826923076923078