0 0.3137019230769231 0.04807692307692308 0.13221153846153846 0.09615384615384616
3 0.41947115384615385 0.042067307692307696 0.07932692307692307 0.08413461538461539
3 0.31490384615384615 0.38221153846153844 0.13701923076923078 0.171875
9 0.41947115384615385 0.33052884615384615 0.07932692307692307 0.15625
6 0.5793269230769231 0.45552884615384615 0.2091346153846154 0.15745192307692307
2 0.7824519230769231 0.4795673076923077 0.1935096153846154 0.16105769230769232
1 0.375 0.6069711538461539 0.15384615384615385 0.036057692307692304
11 0.28846153846153844 0.6658653846153846 0.15384615384615385 0.125
9 0.4375 0.7199519230769231 0.04326923076923077 0.11778846153846154
7 0.19230769230769232 0.7644230769230769 0.15504807692307693 0.11778846153846154
10 0.3173076923076923 0.8353365384615384 0.16105769230769232 0.12740384615384615
8 0.5012019230769231 0.9242788461538461 0.08413461538461539 0.15144230769230768
3 0.5444711538461539 0.8028846153846154 0.109375 0.15865384615384615
2 0.7391826923076923 0.9831730769230769 0.0985576923076923 0.03365384615384615