9 0.42908653846153844 0.2620192307692308 0.06009615384615385 0.14903846153846154
7 0.23197115384615385 0.0985576923076923 0.12259615384615384 0.1622596153846154
1 0.33653846153846156 0.2668269230769231 0.11538461538461539 0.14423076923076922
7 0.7307692307692307 0.03245192307692308 0.09615384615384616 0.06490384615384616
9 0.5432692307692307 0.06129807692307692 0.09615384615384616 0.12259615384615384
1 0.6201923076923077 0.12740384615384615 0.09735576923076923 0.125
4 0.21634615384615385 0.5625 0.21995192307692307 0.1658653846153846
10 0.21995192307692307 0.36177884615384615 0.21875 0.04567307692307692
1 0.051682692307692304 0.5673076923076923 0.10336538461538461 0.16346153846153846
9 0.0673076923076923 0.8076923076923077 0.1346153846153846 0.17307692307692307
2 0.25 0.8112980769230769 0.22355769230769232 0.17908653846153846
11 0.4699519230769231 0.5528846153846154 0.021634615384615384 0.125
2 0.6021634615384616 0.7367788461538461 0.1045673076923077 0.14423076923076922
3 0.6610576923076923 0.8485576923076923 0.1045673076923077 0.13701923076923078
10 0.6995192307692307 0.6502403846153846 0.10216346153846154 0.13942307692307693
7 0.7944711538461539 0.59375 0.10096153846153846 0.13942307692307693
9 0.7608173076923077 0.9002403846153846 0.10817307692307693 0.14423076923076922
10 0.6706730769230769 0.953125 0.10576923076923077 0.09375
7 0.8473557692307693 0.8774038461538461 0.11057692307692307 0.14182692307692307
9 0.9399038461538461 0.8149038461538461 0.10697115384615384 0.13822115384615385
8 0.5588942307692307 0.8617788461538461 0.10336538461538461 0.14182692307692307
2 0.4891826923076923 0.9230769230769231 0.06009615384615385 0.13942307692307693