7 0.1310096153846154 0.07692307692307693 0.11778846153846154 0.15384615384615385
0 0.234375 0.036057692307692304 0.11298076923076923 0.07211538461538461
3 0.1622596153846154 0.3605769230769231 0.10817307692307693 0.1466346153846154
2 0.26802884615384615 0.33052884615384615 0.109375 0.14182692307692307
9 0.7367788461538461 0.15625 0.0985576923076923 0.12980769230769232
7 0.828125 0.10096153846153846 0.10336538461538461 0.1346153846153846
6 0.44350961538461536 0.7487980769230769 0.0829326923076923 0.11899038461538461
7 0.41466346153846156 0.8810096153846154 0.08052884615384616 0.1045673076923077
6 0.4855769230769231 0.9350961538461539 0.078125 0.1045673076923077
2 0.49759615384615385 0.8257211538461539 0.08173076923076923 0.11778846153846154
7 0.4699519230769231 0.984375 0.07932692307692307 0.03125
10 0.3954326923076923 0.9699519230769231 0.07932692307692307 0.06009615384615385
9 0.328125 0.9423076923076923 0.08052884615384616 0.10817307692307693
9 0.6814903846153846 0.7043269230769231 0.0985576923076923 0.12980769230769232
5 0.78125 0.7199519230769231 0.10096153846153846 0.15745192307692307