1 0.38221153846153844 0.07572115384615384 0.17067307692307693 0.12379807692307693
9 0.30649038461538464 0.014423076923076924 0.17067307692307693 0.028846153846153848
2 0.056490384615384616 0.14783653846153846 0.11298076923076923 0.11298076923076923
2 0.19230769230769232 0.1201923076923077 0.1658653846153846 0.11538461538461539
8 0.9603365384615384 0.25600961538461536 0.07932692307692307 0.12740384615384615
6 0.7548076923076923 0.27163461538461536 0.11538461538461539 0.09615384615384616
1 0.7512019230769231 0.14903846153846154 0.11778846153846154 0.1466346153846154
1 0.8677884615384616 0.23197115384615385 0.11177884615384616 0.14783653846153846
4 0.8725961538461539 0.08413461538461539 0.1141826923076923 0.15504807692307693
2 0.9615384615384616 0.1201923076923077 0.07692307692307693 0.15384615384615385
7 0.3858173076923077 0.47836538461538464 0.3112980769230769 0.2512019230769231
7 0.15384615384615385 0.6694711538461539 0.3004807692307692 0.23557692307692307
7 0.04447115384615385 0.4891826923076923 0.0889423076923077 0.24278846153846154
0 0.16105769230769232 0.38100961538461536 0.32211538461538464 0.12259615384615384
0 0.9627403846153846 0.5901442307692307 0.07451923076923077 0.13701923076923078
8 0.7259615384615384 0.40024038461538464 0.1814903846153846 0.14302884615384615
10 0.6382211538461539 0.34615384615384615 0.0985576923076923 0.052884615384615384