1 0.37740384615384615 0.2920673076923077 0.17067307692307693 0.12379807692307693
9 0.30288461538461536 0.1778846153846154 0.16947115384615385 0.13581730769230768
2 0.054086538461538464 0.3641826923076923 0.10817307692307693 0.11298076923076923
2 0.1875 0.33653846153846156 0.1658653846153846 0.11538461538461539
8 0.9579326923076923 0.3269230769230769 0.08413461538461539 0.125
5 0.8954326923076923 0.23918269230769232 0.0889423076923077 0.125
4 0.9675480769230769 0.4206730769230769 0.06490384615384616 0.057692307692307696
7 0.8942307692307693 0.4206730769230769 0.08173076923076923 0.057692307692307696
9 0.8112980769230769 0.4254807692307692 0.08413461538461539 0.04807692307692308
7 0.8497596153846154 0.3329326923076923 0.09375 0.12259615384615384
11 0.78125 0.25 0.0985576923076923 0.12740384615384615
7 0.35096153846153844 0.8894230769230769 0.12740384615384615 0.09495192307692307
10 0.27403846153846156 0.5060096153846154 0.15384615384615385 0.11298076923076923
3 0.33774038461538464 0.7403846153846154 0.13942307692307693 0.09975961538461539
8 0.22235576923076922 0.8930288461538461 0.125 0.09134615384615384
9 0.15144230769230768 0.6394230769230769 0.15504807692307693 0.1141826923076923
5 0.04807692307692308 0.5733173076923077 0.09615384615384616 0.12259615384615384
0 0.4675480769230769 0.7175480769230769 0.140625 0.10336538461538461
8 0.8641826923076923 0.6574519230769231 0.27163461538461536 0.2091346153846154
8 0.8521634615384616 0.5 0.2956730769230769 0.10096153846153846