2 0.054086538461538464 0.3737980769230769 0.10817307692307693 0.1466346153846154
2 0.0625 0.22596153846153846 0.125 0.15384615384615385
9 0.453125 0.2956730769230769 0.07692307692307693 0.09975961538461539
7 0.5072115384615384 0.23076923076923078 0.07572115384615384 0.09735576923076923
7 0.5721153846153846 0.20432692307692307 0.07211538461538461 0.10336538461538461
6 0.5204326923076923 0.12740384615384615 0.0733173076923077 0.0985576923076923
8 0.5733173076923077 0.31850961538461536 0.07572115384615384 0.09134615384615384
5 0.6418269230769231 0.27884615384615385 0.06610576923076923 0.09975961538461539
7 0.6742788461538461 0.12620192307692307 0.06971153846153846 0.09615384615384616
0 0.7427884615384616 0.08653846153846154 0.06971153846153846 0.09975961538461539
6 0.6670673076923077 0.036057692307692304 0.06971153846153846 0.07211538461538461
4 0.7367788461538461 0.021634615384615384 0.06971153846153846 0.04326923076923077
10 0.7451923076923077 0.26322115384615385 0.06850961538461539 0.09495192307692307
8 0.7716346153846154 0.35096153846153844 0.06850961538461539 0.09495192307692307
11 0.8461538461538461 0.3317307692307692 0.07451923076923077 0.09254807692307693
9 0.8245192307692307 0.2403846153846154 0.0733173076923077 0.09615384615384616
1 0.7848557692307693 0.9555288461538461 0.09375 0.0889423076923077
1 0.6935096153846154 0.8930288461538461 0.09134615384615384 0.12740384615384615
6 0.6033653846153846 0.9435096153846154 0.09134615384615384 0.11298076923076923
6 0.7836538461538461 0.8497596153846154 0.09495192307692307 0.12740384615384615
9 0.6923076923076923 0.7692307692307693 0.09254807692307693 0.12980769230769232
4 0.6009615384615384 0.8293269230769231 0.09254807692307693 0.12259615384615384