1 0.5733173076923077 0.20192307692307693 0.06971153846153846 0.0673076923076923
1 0.14182692307692307 0.21153846153846154 0.07451923076923077 0.055288461538461536
3 0.22235576923076922 0.20552884615384615 0.07451923076923077 0.06009615384615385
3 0.47836538461538464 0.22115384615384615 0.078125 0.057692307692307696
11 0.5492788461538461 0.24879807692307693 0.0889423076923077 0.040865384615384616
9 0.40024038461538464 0.2127403846153846 0.08052884615384616 0.06370192307692307
2 0.3076923076923077 0.23798076923076922 0.07692307692307693 0.0625
8 0.2956730769230769 0.17908653846153846 0.07572115384615384 0.057692307692307696
0 0.14903846153846154 0.2536057692307692 0.07692307692307693 0.03125
0 0.22956730769230768 0.2512019230769231 0.07932692307692307 0.036057692307692304
10 0.7572115384615384 0.039663461538461536 0.21153846153846154 0.07932692307692307
6 0.4266826923076923 0.39663461538461536 0.15504807692307693 0.11538461538461539
6 0.15745192307692307 0.6514423076923077 0.16947115384615385 0.12259615384615384
10 0.41586538461538464 0.5132211538461539 0.15985576923076922 0.12379807692307693
2 0.13701923076923078 0.78125 0.17427884615384615 0.12740384615384615
1 0.9134615384615384 0.6129807692307693 0.1310096153846154 0.0985576923076923
6 0.8341346153846154 0.6875 0.13701923076923078 0.10216346153846154