3 0.25721153846153844 0.17908653846153846 0.11298076923076923 0.08653846153846154
5 0.38461538461538464 0.18629807692307693 0.1201923076923077 0.08413461538461539
11 0.4543269230769231 0.06971153846153846 0.028846153846153848 0.09615384615384616
7 0.7728365384615384 0.15144230769230768 0.11778846153846154 0.15384615384615385
0 0.6694711538461539 0.07451923076923077 0.11298076923076923 0.14903846153846154
8 0.078125 0.6442307692307693 0.10697115384615384 0.14543269230769232
9 0.027644230769230768 0.7608173076923077 0.055288461538461536 0.1466346153846154
10 0.12860576923076922 0.7704326923076923 0.10697115384615384 0.14783653846153846
4 0.7644230769230769 0.43509615384615385 0.17067307692307693 0.12259615384615384
1 0.5336538461538461 0.43028846153846156 0.12980769230769232 0.11538461538461539
1 0.5384615384615384 0.8076923076923077 0.13942307692307693 0.12980769230769232
3 0.5252403846153846 0.5492788461538461 0.11298076923076923 0.12259615384615384
0 0.5408653846153846 0.6730769230769231 0.14423076923076922 0.12980769230769232
2 0.703125 0.5540865384615384 0.17427884615384615 0.14302884615384615