6 0.1201923076923077 0.4567307692307692 0.16826923076923078 0.10576923076923077
7 0.5456730769230769 0.028846153846153848 0.15384615384615385 0.057692307692307696
2 0.671875 0.21754807692307693 0.1658653846153846 0.125
3 0.5637019230769231 0.296875 0.15504807692307693 0.12379807692307693
0 0.4855769230769231 0.10697115384615384 0.1346153846153846 0.10817307692307693
10 0.8233173076923077 0.328125 0.14423076923076922 0.11177884615384616
8 0.9471153846153846 0.3557692307692308 0.10576923076923077 0.10576923076923077
0 0.07091346153846154 0.7403846153846154 0.14182692307692307 0.1971153846153846
0 0.10817307692307693 0.9194711538461539 0.21634615384615385 0.16105769230769232
4 0.32091346153846156 0.6983173076923077 0.19471153846153846 0.19471153846153846
11 0.3425480769230769 0.8942307692307693 0.15144230769230768 0.20192307692307693
8 0.7115384615384616 0.5853365384615384 0.1346153846153846 0.15144230769230768
7 0.7704326923076923 0.7403846153846154 0.12740384615384615 0.17427884615384615
11 0.9567307692307693 0.7980769230769231 0.08653846153846154 0.17307692307692307