3 0.5504807692307693 0.34134615384615385 0.07692307692307693 0.15865384615384615
3 0.4326923076923077 0.14423076923076922 0.10817307692307693 0.12860576923076922
3 0.27403846153846156 0.1875 0.10817307692307693 0.13221153846153846
3 0.47716346153846156 0.41466346153846156 0.11057692307692307 0.14783653846153846
8 0.5360576923076923 0.5492788461538461 0.1045673076923077 0.1310096153846154
8 0.3016826923076923 0.06370192307692307 0.10817307692307693 0.12740384615384615
4 0.4230769230769231 0.27884615384615385 0.09975961538461539 0.125
6 0.33533653846153844 0.36778846153846156 0.11177884615384616 0.1466346153846154
1 0.24519230769230768 0.4387019230769231 0.10697115384615384 0.14783653846153846
2 0.5072115384615384 0.640625 0.10096153846153846 0.055288461538461536
8 0.8365384615384616 0.31971153846153844 0.2932692307692308 0.2091346153846154
8 0.8149038461538461 0.5336538461538461 0.296875 0.21514423076923078
3 0.1346153846153846 0.9122596153846154 0.10336538461538461 0.140625
1 0.4254807692307692 0.7103365384615384 0.08653846153846154 0.08413461538461539
8 0.5600961538461539 0.7908653846153846 0.057692307692307696 0.12980769230769232
6 0.4050480769230769 0.8161057692307693 0.09735576923076923 0.12620192307692307
9 0.49399038461538464 0.9783653846153846 0.09375 0.04326923076923077
5 0.5492788461538461 0.9206730769230769 0.07932692307692307 0.13942307692307693
2 0.8305288461538461 0.9098557692307693 0.10576923076923077 0.09254807692307693
2 0.7836538461538461 0.6947115384615384 0.11538461538461539 0.052884615384615384
8 0.9663461538461539 0.6814903846153846 0.0673076923076923 0.026442307692307692
10 0.8798076923076923 0.7608173076923077 0.10096153846153846 0.07572115384615384
9 0.6466346153846154 0.9146634615384616 0.11538461538461539 0.0889423076923077
6 0.9603365384615384 0.9723557692307693 0.07932692307692307 0.055288461538461536
6 0.9651442307692307 0.7608173076923077 0.06971153846153846 0.07932692307692307
4 0.9435096153846154 0.8942307692307693 0.11298076923076923 0.09495192307692307