3 0.26802884615384615 0.04927884615384615 0.08413461538461539 0.0985576923076923
4 0.27524038461538464 0.16105769230769232 0.08173076923076923 0.11778846153846154
4 0.4879807692307692 0.05889423076923077 0.04326923076923077 0.10817307692307693
2 0.484375 0.16947115384615385 0.05048076923076923 0.10817307692307693
3 0.5456730769230769 0.06490384615384616 0.07211538461538461 0.12980769230769232
3 0.5757211538461539 0.22596153846153846 0.13221153846153846 0.15865384615384615
5 0.22355769230769232 0.4963942307692308 0.125 0.09375
9 0.328125 0.5480769230769231 0.12379807692307693 0.09375
9 0.4723557692307692 0.7620192307692307 0.07451923076923077 0.10576923076923077
9 0.4675480769230769 0.48197115384615385 0.08413461538461539 0.06490384615384616
2 0.29086538461538464 0.6670673076923077 0.1201923076923077 0.08774038461538461
3 0.39663461538461536 0.6959134615384616 0.11778846153846154 0.08413461538461539
11 0.42427884615384615 0.8377403846153846 0.12259615384615384 0.09495192307692307
7 0.7764423076923077 0.6478365384615384 0.29447115384615385 0.22596153846153846