5 0.23677884615384615 0.9771634615384616 0.13221153846153846 0.04567307692307692
9 0.3581730769230769 0.9194711538461539 0.14423076923076922 0.16105769230769232
6 0.4723557692307692 0.875 0.1346153846153846 0.18269230769230768
1 0.40384615384615385 0.7163461538461539 0.1346153846153846 0.18629807692307693
9 0.25240384615384615 0.7367788461538461 0.12980769230769232 0.18509615384615385
11 0.3076923076923077 0.5685096153846154 0.13341346153846154 0.17307692307692307
6 0.7151442307692307 0.7475961538461539 0.03125 0.1201923076923077
6 0.7355769230769231 0.5612980769230769 0.07211538461538461 0.10336538461538461
2 0.7487980769230769 0.6706730769230769 0.08533653846153846 0.11778846153846154
3 0.8125 0.6069711538461539 0.08653846153846154 0.10697115384615384
7 0.7283653846153846 0.4723557692307692 0.057692307692307696 0.10817307692307693