6 0.06610576923076923 0.45552884615384615 0.13221153846153846 0.11298076923076923
7 0.055288461538461536 0.19471153846153846 0.11057692307692307 0.1346153846153846
9 0.16105769230769232 0.11778846153846154 0.16947115384615385 0.13221153846153846
5 0.9122596153846154 0.5348557692307693 0.13221153846153846 0.0889423076923077
9 0.7920673076923077 0.47115384615384615 0.14302884615384615 0.18990384615384615
6 0.6790865384615384 0.4110576923076923 0.1346153846153846 0.18269230769230768
1 0.7475961538461539 0.25240384615384615 0.1346153846153846 0.18629807692307693
9 0.8990384615384616 0.27283653846153844 0.12980769230769232 0.18509615384615385
11 0.84375 0.1045673076923077 0.13341346153846154 0.17307692307692307
3 0.12379807692307693 0.6370192307692307 0.08413461538461539 0.11057692307692307
10 0.78125 0.8762019230769231 0.15745192307692307 0.11899038461538461
10 0.9555288461538461 0.6177884615384616 0.0889423076923077 0.07692307692307693
7 0.9314903846153846 0.7067307692307693 0.13701923076923078 0.11057692307692307
9 0.6742788461538461 0.7956730769230769 0.15985576923076922 0.12259615384615384
1 0.6802884615384616 0.6514423076923077 0.12980769230769232 0.10576923076923077
4 0.8245192307692307 0.6189903846153846 0.1346153846153846 0.07932692307692307