8 0.28725961538461536 0.07692307692307693 0.18509615384615385 0.15384615384615385
3 0.06009615384615385 0.3473557692307692 0.1201923076923077 0.15144230769230768
3 0.10817307692307693 0.040865384615384616 0.21634615384615385 0.08173076923076923
3 0.7860576923076923 0.2692307692307692 0.09975961538461539 0.07091346153846154
2 0.53125 0.030048076923076924 0.10576923076923077 0.06009615384615385
2 0.953125 0.16466346153846154 0.09375 0.07932692307692307
2 0.4855769230769231 0.2439903846153846 0.11538461538461539 0.08052884615384616
8 0.9603365384615384 0.03365384615384615 0.07932692307692307 0.0673076923076923
8 0.6850961538461539 0.2668269230769231 0.0985576923076923 0.0733173076923077
8 0.5288461538461539 0.31850961538461536 0.10817307692307693 0.07692307692307693
7 0.8641826923076923 0.037259615384615384 0.10817307692307693 0.07451923076923077
7 0.6658653846153846 0.39783653846153844 0.10576923076923077 0.07692307692307693
10 0.6286057692307693 0.46634615384615385 0.10336538461538461 0.0673076923076923
10 0.5817307692307693 0.16466346153846154 0.10096153846153846 0.07572115384615384
6 0.6875 0.16466346153846154 0.10697115384615384 0.07932692307692307
4 0.6454326923076923 0.038461538461538464 0.11298076923076923 0.07692307692307693
5 0.8509615384615384 0.15504807692307693 0.11177884615384616 0.07572115384615384
6 0.26802884615384615 0.8918269230769231 0.140625 0.109375
2 0.07211538461538461 0.8978365384615384 0.14423076923076922 0.11778846153846154
2 0.039663461538461536 0.6983173076923077 0.07932692307692307 0.11778846153846154
4 0.30649038461538464 0.7896634615384616 0.13942307692307693 0.11177884615384616
8 0.12860576923076922 0.7944711538461539 0.14543269230769232 0.10697115384615384
3 0.12980769230769232 0.6394230769230769 0.15865384615384615 0.11778846153846154
7 0.9086538461538461 0.5588942307692307 0.17307692307692307 0.11778846153846154
7 0.7367788461538461 0.5564903846153846 0.17067307692307693 0.11298076923076923