3 0.03365384615384615 0.21514423076923078 0.0673076923076923 0.10817307692307693
9 0.21394230769230768 0.2776442307692308 0.12259615384615384 0.08774038461538461
8 0.328125 0.18870192307692307 0.1346153846153846 0.10576923076923077
8 0.22235576923076922 0.37259615384615385 0.12379807692307693 0.10096153846153846
2 0.39302884615384615 0.2776442307692308 0.13221153846153846 0.10817307692307693
5 0.41947115384615385 0.13221153846153846 0.07932692307692307 0.10096153846153846
9 0.7139423076923077 0.2932692307692308 0.1814903846153846 0.13221153846153846
5 0.8966346153846154 0.3245192307692308 0.18389423076923078 0.14302884615384615
1 0.3076923076923077 0.5168269230769231 0.22596153846153846 0.15384615384615385
9 0.3401442307692308 0.7536057692307693 0.22355769230769232 0.17427884615384615
11 0.640625 0.8149038461538461 0.13942307692307693 0.10216346153846154
11 0.9254807692307693 0.9134615384615384 0.1346153846153846 0.1045673076923077
8 0.7788461538461539 0.7920673076923077 0.13822115384615385 0.10336538461538461
7 0.6502403846153846 0.9194711538461539 0.14423076923076922 0.10576923076923077
3 0.9170673076923077 0.8100961538461539 0.13822115384615385 0.1045673076923077
5 0.7848557692307693 0.8918269230769231 0.14182692307692307 0.1045673076923077