0 0.054086538461538464 0.11658653846153846 0.10817307692307693 0.13701923076923078
6 0.9795673076923077 0.3737980769230769 0.040865384615384616 0.18509615384615385
10 0.953125 0.20793269230769232 0.09375 0.17067307692307693
2 0.8317307692307693 0.04807692307692308 0.1346153846153846 0.09615384615384616
5 0.9507211538461539 0.055288461538461536 0.0985576923076923 0.11057692307692307
11 0.07211538461538461 0.7560096153846154 0.14423076923076922 0.11778846153846154
7 0.45072115384615385 0.7019230769230769 0.07451923076923077 0.11057692307692307
7 0.10697115384615384 0.5552884615384616 0.15625 0.11057692307692307
9 0.19591346153846154 0.8161057692307693 0.15745192307692307 0.11177884615384616
6 0.22716346153846154 0.6322115384615384 0.1502403846153846 0.11298076923076923
10 0.4266826923076923 0.5997596153846154 0.12259615384615384 0.10336538461538461
11 0.6826923076923077 0.8509615384615384 0.1346153846153846 0.1045673076923077
8 0.5456730769230769 0.9603365384615384 0.11538461538461539 0.07932692307692307
7 0.8185096153846154 0.8689903846153846 0.13822115384615385 0.10336538461538461
0 0.8112980769230769 0.9603365384615384 0.14182692307692307 0.07932692307692307
3 0.6730769230769231 0.9507211538461539 0.13942307692307693 0.0985576923076923
5 0.5504807692307693 0.8713942307692307 0.125 0.10336538461538461