10 0.328125 0.33533653846153844 0.0985576923076923 0.078125
10 0.31490384615384615 0.06370192307692307 0.1045673076923077 0.07572115384615384
8 0.17548076923076922 0.15985576923076922 0.09375 0.07451923076923077
7 0.4110576923076923 0.09134615384615384 0.0985576923076923 0.07211538461538461
5 0.2692307692307692 0.171875 0.09495192307692307 0.0733173076923077
11 0.078125 0.039663461538461536 0.09735576923076923 0.06850961538461539
11 0.057692307692307696 0.296875 0.09975961538461539 0.0733173076923077
9 0.07692307692307693 0.11057692307692307 0.09375 0.07211538461538461
9 0.014423076923076924 0.0733173076923077 0.028846153846153848 0.07451923076923077
9 0.2920673076923077 0.2620192307692308 0.10096153846153846 0.07932692307692307
9 0.17307692307692307 0.25600961538461536 0.09615384615384616 0.07692307692307693
9 0.0889423076923077 0.22235576923076922 0.1141826923076923 0.08052884615384616
1 0.03125 0.171875 0.0625 0.07932692307692307
6 0.20673076923076922 0.3293269230769231 0.1045673076923077 0.07932692307692307
10 0.6935096153846154 0.44711538461538464 0.15144230769230768 0.1201923076923077
10 0.8882211538461539 0.1778846153846154 0.1310096153846154 0.10336538461538461
7 0.84375 0.2800480769230769 0.13701923076923078 0.11057692307692307
9 0.640625 0.36658653846153844 0.04567307692307692 0.12259615384615384
1 0.6370192307692307 0.22355769230769232 0.038461538461538464 0.10576923076923077
1 0.7692307692307693 0.07451923076923077 0.12139423076923077 0.11057692307692307
4 0.7367788461538461 0.18028846153846154 0.13581730769230768 0.10096153846153846
6 0.6550480769230769 0.11538461538461539 0.07451923076923077 0.10576923076923077
3 0.17908653846153846 0.7728365384615384 0.12980769230769232 0.10697115384615384
3 0.48677884615384615 0.8882211538461539 0.12620192307692307 0.0889423076923077
1 0.5264423076923077 0.7620192307692307 0.15384615384615385 0.10817307692307693
11 0.5769230769230769 0.6682692307692307 0.08173076923076923 0.125
9 0.4074519230769231 0.6346153846153846 0.15144230769230768 0.07211538461538461
9 0.13822115384615385 0.8701923076923077 0.125 0.0985576923076923
4 0.578125 0.9639423076923077 0.07932692307692307 0.07211538461538461
0 0.36177884615384615 0.8894230769230769 0.12620192307692307 0.09375
8 0.9591346153846154 0.6887019230769231 0.08173076923076923 0.15144230769230768
6 0.7536057692307693 0.7211538461538461 0.11658653846153846 0.15144230769230768
1 0.7487980769230769 0.6201923076923077 0.11778846153846154 0.04326923076923077
1 0.8641826923076923 0.6622596153846154 0.11298076923076923 0.12740384615384615