11 0.4182692307692308 0.03245192307692308 0.12980769230769232 0.06490384615384616
7 0.21875 0.24519230769230768 0.12139423076923077 0.09254807692307693
4 0.40384615384615385 0.125 0.10817307692307693 0.08052884615384616
0 0.4014423076923077 0.20552884615384615 0.11177884615384616 0.08413461538461539
10 0.5 0.18269230769230768 0.07692307692307693 0.09615384615384616
9 0.2692307692307692 0.04447115384615385 0.1201923076923077 0.0889423076923077
6 0.21754807692307693 0.12980769230769232 0.12139423076923077 0.09375
6 0.3317307692307692 0.2920673076923077 0.11778846153846154 0.09254807692307693
3 0.8052884615384616 0.01201923076923077 0.14903846153846154 0.02403846153846154
11 0.7884615384615384 0.08173076923076923 0.14302884615384615 0.10817307692307693
7 0.5949519230769231 0.20072115384615385 0.11298076923076923 0.10817307692307693
6 0.578125 0.30649038461538464 0.07932692307692307 0.10817307692307693
6 0.8810096153846154 0.39903846153846156 0.14302884615384615 0.11177884615384616
9 0.9555288461538461 0.2403846153846154 0.0889423076923077 0.10576923076923077
9 0.8581730769230769 0.47716346153846156 0.14423076923076922 0.04567307692307692
5 0.8377403846153846 0.23557692307692307 0.14302884615384615 0.10697115384615384
11 0.5144230769230769 0.5504807692307693 0.04807692307692308 0.10096153846153846
7 0.14783653846153846 0.5973557692307693 0.14423076923076922 0.109375
7 0.49278846153846156 0.7463942307692307 0.09134615384615384 0.11778846153846154
9 0.4375 0.5192307692307693 0.15865384615384615 0.038461538461538464
6 0.4074519230769231 0.6682692307692307 0.1502403846153846 0.11298076923076923
4 0.2800480769230769 0.9326923076923077 0.15625 0.11057692307692307
0 0.4014423076923077 0.8605769230769231 0.15625 0.10817307692307693
10 0.19591346153846154 0.7007211538461539 0.14543269230769232 0.10336538461538461
5 0.7548076923076923 0.6069711538461539 0.25721153846153844 0.17427884615384615
9 0.9435096153846154 0.5637019230769231 0.11298076923076923 0.12740384615384615