5 0.46634615384615385 0.36899038461538464 0.13822115384615385 0.12139423076923077
7 0.21394230769230768 0.23677884615384615 0.13701923076923078 0.10576923076923077
0 0.19951923076923078 0.33774038461538464 0.13822115384615385 0.10216346153846154
9 0.39903846153846156 0.46634615384615385 0.14182692307692307 0.10697115384615384
1 0.6514423076923077 0.05889423076923077 0.0673076923076923 0.11778846153846154
8 0.7716346153846154 0.1778846153846154 0.15745192307692307 0.11658653846153846
5 0.6550480769230769 0.20072115384615385 0.07451923076923077 0.12259615384615384
9 0.4411057692307692 0.6850961538461539 0.07692307692307693 0.09975961538461539
7 0.3870192307692308 0.75 0.07572115384615384 0.09735576923076923
7 0.32211538461538464 0.7764423076923077 0.07211538461538461 0.10336538461538461
6 0.3737980769230769 0.8533653846153846 0.0733173076923077 0.0985576923076923
8 0.32091346153846156 0.6622596153846154 0.07572115384615384 0.09134615384615384
5 0.25240384615384615 0.7019230769230769 0.06610576923076923 0.09975961538461539
7 0.21995192307692307 0.8545673076923077 0.06971153846153846 0.09615384615384616
0 0.15144230769230768 0.8942307692307693 0.06971153846153846 0.09975961538461539
6 0.2247596153846154 0.953125 0.06971153846153846 0.09375
4 0.15504807692307693 0.9675480769230769 0.06971153846153846 0.06490384615384616
10 0.14903846153846154 0.7175480769230769 0.06850961538461539 0.09495192307692307
8 0.12259615384615384 0.6298076923076923 0.06850961538461539 0.09495192307692307
11 0.04807692307692308 0.6490384615384616 0.07451923076923077 0.09254807692307693
9 0.06971153846153846 0.7403846153846154 0.0733173076923077 0.09615384615384616
5 0.3076923076923077 0.9903846153846154 0.07211538461538461 0.019230769230769232
7 0.7704326923076923 0.5564903846153846 0.0889423076923077 0.036057692307692304
0 0.8665865384615384 0.6706730769230769 0.09134615384615384 0.125
0 0.6826923076923077 0.5769230769230769 0.09134615384615384 0.07692307692307693
3 0.6418269230769231 0.6538461538461539 0.04807692307692308 0.12980769230769232
8 0.6514423076923077 0.7932692307692307 0.0673076923076923 0.1201923076923077
11 0.7055288461538461 0.7043269230769231 0.09134615384615384 0.12259615384615384
4 0.7848557692307693 0.7596153846153846 0.09735576923076923 0.12980769230769232