9 0.29086538461538464 0.0733173076923077 0.0985576923076923 0.07091346153846154
1 0.36778846153846156 0.06971153846153846 0.0625 0.07211538461538461
4 0.3713942307692308 0.20072115384615385 0.055288461538461536 0.08413461538461539
0 0.34615384615384615 0.2704326923076923 0.10576923076923077 0.07451923076923077
9 0.3605769230769231 0.3245192307692308 0.07692307692307693 0.028846153846153848
4 0.8100961538461539 0.1466346153846154 0.21995192307692307 0.1658653846153846
1 0.5853365384615384 0.15144230769230768 0.22596153846153846 0.16346153846153846
3 0.265625 0.5276442307692307 0.11177884615384616 0.14783653846153846
10 0.1466346153846154 0.6466346153846154 0.11899038461538461 0.15504807692307693
10 0.046875 0.8028846153846154 0.09375 0.1778846153846154
1 0.28725961538461536 0.6935096153846154 0.10817307692307693 0.13942307692307693
11 0.3701923076923077 0.6923076923076923 0.057692307692307696 0.1346153846153846
6 0.10697115384615384 0.9230769230769231 0.11778846153846154 0.15384615384615385
2 0.18990384615384615 0.7920673076923077 0.11298076923076923 0.15504807692307693
0 0.3581730769230769 0.5276442307692307 0.08173076923076923 0.14182692307692307
0 0.7331730769230769 0.7620192307692307 0.10817307692307693 0.08052884615384616
4 0.7487980769230769 0.8449519230769231 0.1141826923076923 0.08413461538461539