5 0.07932692307692307 0.36899038461538464 0.07932692307692307 0.06009615384615385
11 0.16706730769230768 0.375 0.0829326923076923 0.0625
8 0.07692307692307693 0.4266826923076923 0.078125 0.0625
7 0.24639423076923078 0.3581730769230769 0.08774038461538461 0.06009615384615385
1 0.17668269230769232 0.4699519230769231 0.0889423076923077 0.06490384615384616
4 0.25961538461538464 0.49278846153846156 0.08173076923076923 0.06850961538461539
7 0.7403846153846154 0.08774038461538461 0.09014423076923077 0.1201923076923077
0 0.6454326923076923 0.24278846153846154 0.09134615384615384 0.125
0 0.828125 0.12740384615384615 0.09134615384615384 0.12379807692307693
7 0.9579326923076923 0.15985576923076922 0.08413461538461539 0.12740384615384615
3 0.890625 0.22716346153846154 0.09254807692307693 0.12860576923076922
10 0.9555288461538461 0.3125 0.0889423076923077 0.125
8 0.8713942307692307 0.36658653846153844 0.09254807692307693 0.12139423076923077
11 0.8064903846153846 0.2764423076923077 0.09134615384615384 0.12259615384615384
9 0.9675480769230769 0.4375 0.06490384615384616 0.11538461538461539
4 0.7271634615384616 0.3317307692307692 0.09735576923076923 0.12980769230769232
9 0.4074519230769231 0.7788461538461539 0.08533653846153846 0.11298076923076923
6 0.49038461538461536 0.7379807692307693 0.09014423076923077 0.12139423076923077
11 0.3088942307692308 0.9050480769230769 0.08052884615384616 0.11177884615384616
3 0.3269230769230769 0.9771634615384616 0.08173076923076923 0.04567307692307692
9 0.4387019230769231 0.9771634615384616 0.08413461538461539 0.04567307692307692
5 0.515625 0.9591346153846154 0.08413461538461539 0.08173076923076923
7 0.1875 0.9627403846153846 0.08173076923076923 0.07451923076923077
0 0.953125 0.640625 0.09375 0.04567307692307692
9 0.9675480769230769 0.703125 0.06490384615384616 0.07451923076923077