3 0.09495192307692307 0.22115384615384615 0.10817307692307693 0.1466346153846154
2 0.20072115384615385 0.19110576923076922 0.109375 0.14182692307692307
5 0.4567307692307692 0.3894230769230769 0.09615384615384616 0.12980769230769232
5 0.6165865384615384 0.38221153846153844 0.18509615384615385 0.12980769230769232
2 0.6105769230769231 0.25 0.17668269230769232 0.12139423076923077
3 0.8197115384615384 0.46875 0.20192307692307693 0.0625
9 0.2403846153846154 0.7451923076923077 0.10576923076923077 0.140625
9 0.3557692307692308 0.6850961538461539 0.0985576923076923 0.13581730769230768
10 0.3701923076923077 0.8149038461538461 0.07692307692307693 0.13942307692307693
6 0.3641826923076923 0.9362980769230769 0.0889423076923077 0.12740384615384615
5 0.20673076923076922 0.8834134615384616 0.10216346153846154 0.13701923076923078
1 0.7163461538461539 0.5745192307692307 0.14423076923076922 0.109375
10 0.6526442307692307 0.8605769230769231 0.16706730769230768 0.125
2 0.78125 0.9362980769230769 0.17307692307692307 0.12740384615384615
6 0.5901442307692307 0.6394230769230769 0.16346153846153846 0.1201923076923077