7 0.21634615384615385 0.10216346153846154 0.09014423076923077 0.1201923076923077
0 0.31009615384615385 0.22716346153846154 0.09134615384615384 0.06490384615384616
0 0.12860576923076922 0.14182692307692307 0.09134615384615384 0.12379807692307693
7 0.019230769230769232 0.17427884615384615 0.038461538461538464 0.12740384615384615
3 0.06490384615384616 0.21754807692307693 0.09134615384615384 0.08413461538461539
11 0.14903846153846154 0.2439903846153846 0.09134615384615384 0.03125
8 0.4963942307692308 0.23918269230769232 0.06971153846153846 0.040865384615384616
3 0.3713942307692308 0.6466346153846154 0.055288461538461536 0.15865384615384615
2 0.3112980769230769 0.5697115384615384 0.11298076923076923 0.13942307692307693
3 0.20793269230769232 0.5252403846153846 0.10216346153846154 0.140625
6 0.19831730769230768 0.6586538461538461 0.109375 0.1466346153846154
9 0.3004807692307692 0.7043269230769231 0.1045673076923077 0.140625
7 0.33653846153846156 0.8641826923076923 0.109375 0.14543269230769232
10 0.23798076923076922 0.8149038461538461 0.11057692307692307 0.14783653846153846
7 0.9362980769230769 0.5745192307692307 0.08413461538461539 0.109375
6 0.8665865384615384 0.6478365384615384 0.0829326923076923 0.11298076923076923
7 0.7463942307692307 0.6790865384615384 0.08052884615384616 0.10576923076923077
11 0.6694711538461539 0.6754807692307693 0.07572115384615384 0.10096153846153846