1 0.3737980769230769 0.13221153846153846 0.16706730769230768 0.11658653846153846
4 0.21875 0.16346153846153846 0.1502403846153846 0.12860576923076922
1 0.21995192307692307 0.40024038461538464 0.16105769230769232 0.11778846153846154
9 0.16466346153846154 0.5060096153846154 0.1466346153846154 0.10336538461538461
8 0.5108173076923077 0.24879807692307693 0.09375 0.11778846153846154
5 0.3894230769230769 0.27283653846153844 0.15144230769230768 0.12259615384615384
2 0.9543269230769231 0.08413461538461539 0.09134615384615384 0.125
10 0.8401442307692307 0.19591346153846154 0.14423076923076922 0.11177884615384616
8 0.6983173076923077 0.22355769230769232 0.14182692307692307 0.10576923076923077
2 0.47596153846153844 0.6995192307692307 0.15384615384615385 0.11899038461538461
3 0.46634615384615385 0.8137019230769231 0.15504807692307693 0.11658653846153846
9 0.5180288461538461 0.9651442307692307 0.07932692307692307 0.06971153846153846
6 0.2548076923076923 0.8762019230769231 0.17548076923076922 0.1310096153846154
4 0.10216346153846154 0.8088942307692307 0.1658653846153846 0.13221153846153846
3 0.9519230769230769 0.7043269230769231 0.09615384615384616 0.12980769230769232
2 0.75 0.5829326923076923 0.15384615384615385 0.05048076923076923
2 0.9795673076923077 0.8569711538461539 0.040865384615384616 0.12259615384615384
8 0.6454326923076923 0.6358173076923077 0.15504807692307693 0.11778846153846154