8 0.35697115384615385 0.2620192307692308 0.0985576923076923 0.09134615384615384
9 0.08052884615384616 0.06129807692307692 0.0985576923076923 0.12259615384615384
6 0.6959134615384616 0.24879807692307693 0.1658653846153846 0.10697115384615384
1 0.8581730769230769 0.23798076923076922 0.15625 0.11538461538461539
11 0.6802884615384616 0.12860576923076922 0.16346153846153846 0.10817307692307693
3 0.84375 0.11899038461538461 0.15264423076923078 0.12259615384615384
7 0.6911057692307693 0.03485576923076923 0.18509615384615385 0.06971153846153846
0 0.8653846153846154 0.028846153846153848 0.16826923076923078 0.057692307692307696
2 0.9759615384615384 0.11298076923076923 0.04807692307692308 0.14423076923076922
11 0.4050480769230769 0.6298076923076923 0.13942307692307693 0.10216346153846154
11 0.1201923076923077 0.53125 0.1346153846153846 0.1045673076923077
8 0.2668269230769231 0.6526442307692307 0.13822115384615385 0.10336538461538461
7 0.3954326923076923 0.5252403846153846 0.14423076923076922 0.10576923076923077
7 0.026442307692307692 0.5492788461538461 0.052884615384615384 0.10336538461538461
0 0.030048076923076924 0.6526442307692307 0.06009615384615385 0.10336538461538461
3 0.12860576923076922 0.6346153846153846 0.13822115384615385 0.1045673076923077
5 0.2608173076923077 0.5528846153846154 0.14182692307692307 0.1045673076923077
5 0.84375 0.6141826923076923 0.07932692307692307 0.06009615384615385
11 0.7560096153846154 0.6081730769230769 0.0829326923076923 0.0625
8 0.8461538461538461 0.5564903846153846 0.078125 0.0625
7 0.6766826923076923 0.625 0.08774038461538461 0.06009615384615385
1 0.7463942307692307 0.5132211538461539 0.0889423076923077 0.06490384615384616
4 0.6634615384615384 0.49038461538461536 0.08173076923076923 0.06850961538461539