7 0.10817307692307693 0.33774038461538464 0.09254807692307693 0.06490384615384616
9 0.12620192307692307 0.4699519230769231 0.09375 0.0673076923076923
9 0.5192307692307693 0.48677884615384615 0.09014423076923077 0.06971153846153846
8 0.26322115384615385 0.5612980769230769 0.09375 0.06971153846153846
8 0.2860576923076923 0.4206730769230769 0.09495192307692307 0.07211538461538461
8 0.0985576923076923 0.5913461538461539 0.08653846153846154 0.06971153846153846
1 0.2091346153846154 0.44350961538461536 0.09375 0.0673076923076923
1 0.1814903846153846 0.5288461538461539 0.10096153846153846 0.06971153846153846
11 0.359375 0.3858173076923077 0.09134615384615384 0.07572115384615384
3 0.4098557692307692 0.4411057692307692 0.09975961538461539 0.07451923076923077
10 0.4338942307692308 0.5072115384615384 0.08653846153846154 0.06129807692307692
2 0.1814903846153846 0.6069711538461539 0.08413461538461539 0.07091346153846154
6 0.3713942307692308 0.6117788461538461 0.09254807692307693 0.0673076923076923
4 0.4567307692307692 0.5817307692307693 0.09134615384615384 0.07451923076923077
5 0.34134615384615385 0.4795673076923077 0.08653846153846154 0.07211538461538461
0 0.19110576923076922 0.36538461538461536 0.09014423076923077 0.0733173076923077
3 0.7644230769230769 0.07932692307692307 0.140625 0.09975961538461539
3 0.8209134615384616 0.24879807692307693 0.12620192307692307 0.0889423076923077
1 0.6742788461538461 0.27283653846153844 0.05048076923076923 0.10336538461538461
1 0.78125 0.375 0.15384615384615385 0.10817307692307693
11 0.7103365384615384 0.46875 0.12259615384615384 0.125
9 0.8990384615384616 0.5240384615384616 0.15264423076923078 0.11899038461538461
4 0.7091346153846154 0.15985576923076922 0.1201923076923077 0.09375
0 0.9411057692307693 0.24639423076923078 0.11778846153846154 0.09375
10 0.7259615384615384 0.6165865384615384 0.15384615384615385 0.08413461538461539
5 0.9555288461538461 0.6105769230769231 0.0889423076923077 0.09615384615384616
4 0.0625 0.6814903846153846 0.1201923076923077 0.04567307692307692
1 0.02283653846153846 0.7463942307692307 0.04567307692307692 0.16105769230769232
3 0.2704326923076923 0.8004807692307693 0.10817307692307693 0.1466346153846154
2 0.3762019230769231 0.7704326923076923 0.109375 0.14182692307692307