11 0.1814903846153846 0.02283653846153846 0.06971153846153846 0.04567307692307692
7 0.06129807692307692 0.051682692307692304 0.0673076923076923 0.09134615384615384
9 0.8665865384615384 0.16105769230769232 0.09495192307692307 0.11778846153846154
11 0.7788461538461539 0.19591346153846154 0.09134615384615384 0.1141826923076923
6 0.7007211538461539 0.10697115384615384 0.09375 0.13822115384615385
1 0.6394230769230769 0.19951923076923078 0.09735576923076923 0.13581730769230768
10 0.6117788461538461 0.04447115384615385 0.06490384615384616 0.0889423076923077
7 0.6105769230769231 0.2980769230769231 0.0625 0.12980769230769232
7 0.5372596153846154 0.6574519230769231 0.08413461538461539 0.12259615384615384
7 0.43028846153846156 0.7295673076923077 0.16706730769230768 0.12259615384615384
2 0.1658653846153846 0.6610576923076923 0.14302884615384615 0.11778846153846154
10 0.21514423076923078 0.7764423076923077 0.15264423076923078 0.1201923076923077
3 0.9771634615384616 0.5516826923076923 0.04567307692307692 0.12740384615384615
3 0.8509615384615384 0.5961538461538461 0.10817307692307693 0.13221153846153846
8 0.8786057692307693 0.49278846153846156 0.10817307692307693 0.08653846153846154
4 0.9747596153846154 0.6875 0.05048076923076923 0.125
6 0.9122596153846154 0.7764423076923077 0.11177884615384616 0.1466346153846154
1 0.8221153846153846 0.8473557692307693 0.10697115384615384 0.14783653846153846