2 0.296875 0.24639423076923078 0.10576923076923077 0.09254807692307693
2 0.25240384615384615 0.109375 0.12139423076923077 0.10096153846153846
7 0.03365384615384615 0.0673076923076923 0.0673076923076923 0.09134615384615384
10 0.24759615384615385 0.38221153846153844 0.10096153846153846 0.052884615384615384
9 0.036057692307692304 0.15625 0.07211538461538461 0.08653846153846154
6 0.14302884615384615 0.16105769230769232 0.12620192307692307 0.09735576923076923
6 0.140625 0.38221153846153844 0.10817307692307693 0.052884615384615384
4 0.18389423076923078 0.2620192307692308 0.11298076923076923 0.09495192307692307
5 0.016826923076923076 0.37740384615384615 0.03365384615384615 0.0625
3 0.6213942307692307 0.35216346153846156 0.08413461538461539 0.11298076923076923
8 0.6983173076923077 0.3786057692307692 0.08413461538461539 0.06009615384615385
6 0.8677884615384616 0.36778846153846156 0.09615384615384616 0.08173076923076923
9 0.7788461538461539 0.17548076923076922 0.09495192307692307 0.14543269230769232
5 0.7211538461538461 0.2848557692307692 0.08653846153846154 0.140625
0 0.06850961538461539 0.5444711538461539 0.13701923076923078 0.24759615384615385
6 0.13221153846153846 0.8557692307692307 0.2644230769230769 0.23076923076923078
9 0.26802884615384615 0.6514423076923077 0.31971153846153844 0.2403846153846154
11 0.7355769230769231 0.9519230769230769 0.08173076923076923 0.09615384615384616
3 0.7560096153846154 0.8545673076923077 0.0829326923076923 0.109375
9 0.8677884615384616 0.8569711538461539 0.0829326923076923 0.1045673076923077
9 0.8894230769230769 0.7524038461538461 0.08653846153846154 0.11057692307692307
5 0.9495192307692307 0.890625 0.09254807692307693 0.11177884615384616
1 0.9639423076923077 0.7860576923076923 0.07211538461538461 0.11538461538461539
7 0.6165865384615384 0.8822115384615384 0.0829326923076923 0.11298076923076923
10 0.6502403846153846 0.7728365384615384 0.08653846153846154 0.11298076923076923