6 0.3112980769230769 0.10576923076923077 0.09134615384615384 0.13221153846153846
7 0.21514423076923078 0.11899038461538461 0.09254807692307693 0.125
5 0.10817307692307693 0.0625 0.10096153846153846 0.125
6 0.12980769230769232 0.22235576923076922 0.10576923076923077 0.13701923076923078
4 0.039663461538461536 0.2704326923076923 0.07932692307692307 0.13701923076923078
3 0.8245192307692307 0.057692307692307696 0.21153846153846154 0.11538461538461539
11 0.5264423076923077 0.02283653846153846 0.17307692307692307 0.04567307692307692
0 0.9182692307692307 0.16105769230769232 0.16346153846153846 0.15865384615384615
3 0.30288461538461536 0.6069711538461539 0.08653846153846154 0.07451923076923077
11 0.21995192307692307 0.6262019230769231 0.0889423076923077 0.11298076923076923
5 0.27884615384615385 0.7079326923076923 0.08774038461538461 0.11778846153846154
9 0.1935096153846154 0.7487980769230769 0.08653846153846154 0.1201923076923077
4 0.1346153846153846 0.6430288461538461 0.09254807692307693 0.13822115384615385
6 0.04927884615384615 0.6081730769230769 0.09375 0.07692307692307693
1 0.36177884615384615 0.6887019230769231 0.08052884615384616 0.11057692307692307
9 0.3798076923076923 0.8016826923076923 0.0829326923076923 0.11538461538461539
9 0.8497596153846154 0.9567307692307693 0.06971153846153846 0.08653846153846154
9 0.6682692307692307 0.9819711538461539 0.0625 0.036057692307692304