3 0.03365384615384615 0.3858173076923077 0.0673076923076923 0.04567307692307692
3 0.16947115384615385 0.1141826923076923 0.11778846153846154 0.10336538461538461
3 0.15865384615384615 0.03245192307692308 0.12980769230769232 0.06490384615384616
7 0.042067307692307696 0.1201923076923077 0.08413461538461539 0.10096153846153846
9 0.04326923076923077 0.21875 0.08653846153846154 0.09615384615384616
4 0.039663461538461536 0.31490384615384615 0.07932692307692307 0.09615384615384616
6 0.41586538461538464 0.3870192307692308 0.11538461538461539 0.04326923076923077
6 0.5372596153846154 0.3233173076923077 0.12259615384615384 0.0889423076923077
9 0.47596153846153844 0.06009615384615385 0.1141826923076923 0.08774038461538461
9 0.4206730769230769 0.3233173076923077 0.11538461538461539 0.08653846153846154
7 0.44591346153846156 0.1466346153846154 0.11778846153846154 0.08653846153846154
4 0.5324519230769231 0.38822115384615385 0.11778846153846154 0.040865384615384616
4 0.42908653846153844 0.23677884615384615 0.11538461538461539 0.08533653846153846
0 0.5456730769230769 0.234375 0.11899038461538461 0.0889423076923077
10 0.5637019230769231 0.1466346153846154 0.11778846153846154 0.08653846153846154
7 0.59375 0.057692307692307696 0.11778846153846154 0.09254807692307693
3 0.6622596153846154 0.23677884615384615 0.12139423076923077 0.08774038461538461
2 0.6574519230769231 0.3245192307692308 0.11899038461538461 0.09134615384615384
3 0.057692307692307696 0.5661057692307693 0.10336538461538461 0.140625
0 0.056490384615384616 0.453125 0.11298076923076923 0.0889423076923077
7 0.47716346153846156 0.6838942307692307 0.15745192307692307 0.20793269230769232
8 0.6334134615384616 0.7403846153846154 0.14903846153846154 0.21754807692307693