0 0.3245192307692308 0.1658653846153846 0.08653846153846154 0.1201923076923077
7 0.3112980769230769 0.28365384615384615 0.09134615384615384 0.12740384615384615
1 0.2620192307692308 0.34615384615384615 0.09615384615384616 0.04326923076923077
4 0.1935096153846154 0.30649038461538464 0.09735576923076923 0.11057692307692307
0 0.23197115384615385 0.21153846153846154 0.09375 0.11538461538461539
4 0.2439903846153846 0.09735576923076923 0.09134615384615384 0.12259615384615384
9 0.14182692307692307 0.08653846153846154 0.08052884615384616 0.11177884615384616
1 0.14302884615384615 0.1971153846153846 0.08052884615384616 0.10697115384615384
7 0.10336538461538461 0.30649038461538464 0.08173076923076923 0.11057692307692307
9 0.03125 0.29927884615384615 0.0625 0.10817307692307693
6 0.8016826923076923 0.0985576923076923 0.09134615384615384 0.13221153846153846
7 0.7055288461538461 0.11177884615384616 0.09254807692307693 0.125
5 0.5985576923076923 0.05889423076923077 0.10096153846153846 0.11778846153846154
6 0.6201923076923077 0.21514423076923078 0.10576923076923077 0.13701923076923078
4 0.5240384615384616 0.26322115384615385 0.09134615384615384 0.13701923076923078
6 0.3173076923076923 0.578125 0.06009615384615385 0.07932692307692307
4 0.31490384615384615 0.65625 0.06009615384615385 0.078125
10 0.25721153846153844 0.6382211538461539 0.05889423076923077 0.0829326923076923
6 0.19831730769230768 0.6370192307692307 0.057692307692307696 0.08173076923076923
1 0.140625 0.7091346153846154 0.06850961538461539 0.09615384615384616
4 0.20673076923076922 0.7475961538461539 0.05889423076923077 0.078125
0 0.2668269230769231 0.7415865384615384 0.06009615384615385 0.08052884615384616
4 0.10697115384615384 0.6394230769230769 0.06850961538461539 0.09375
9 0.1935096153846154 0.5600961538461539 0.06009615384615385 0.07932692307692307
8 0.25240384615384615 0.5588942307692307 0.05889423076923077 0.07572115384615384
8 0.039663461538461536 0.6838942307692307 0.0625 0.08413461538461539
5 0.057692307692307696 0.7620192307692307 0.06971153846153846 0.08173076923076923
6 0.16706730769230768 0.8425480769230769 0.06009615384615385 0.0829326923076923
11 0.25721153846153844 0.8713942307692307 0.06009615384615385 0.0829326923076923
3 0.31490384615384615 0.8713942307692307 0.06009615384615385 0.08052884615384616
7 0.15144230769230768 0.9242788461538461 0.06009615384615385 0.08413461538461539
2 0.6490384615384616 0.4098557692307692 0.15384615384615385 0.08413461538461539
3 0.6394230769230769 0.5084134615384616 0.15504807692307693 0.11658653846153846
5 0.8810096153846154 0.6129807692307693 0.171875 0.13701923076923078
9 0.7415865384615384 0.6947115384615384 0.17668269230769232 0.13701923076923078
6 0.4963942307692308 0.5697115384615384 0.036057692307692304 0.12980769230769232