5 0.109375 0.41586538461538464 0.07932692307692307 0.02403846153846154
11 0.03125 0.4182692307692308 0.0625 0.019230769230769232
6 0.6730769230769231 0.02403846153846154 0.09134615384615384 0.04807692307692308
7 0.5769230769230769 0.028846153846153848 0.09134615384615384 0.057692307692307696
6 0.5228365384615384 0.09975961538461539 0.04567307692307692 0.13701923076923078
9 0.32572115384615385 0.47596153846153844 0.18028846153846154 0.09615384615384616
9 0.2704326923076923 0.7211538461538461 0.20072115384615385 0.14903846153846154
5 0.14302884615384615 0.49399038461538464 0.18509615384615385 0.13221153846153846
8 0.38341346153846156 0.8509615384615384 0.21394230769230768 0.171875
6 0.8425480769230769 0.6009615384615384 0.11177884615384616 0.08653846153846154
9 0.9663461538461539 0.7560096153846154 0.0673076923076923 0.09375
9 0.8233173076923077 0.9591346153846154 0.12740384615384615 0.08173076923076923
9 0.8425480769230769 0.6838942307692307 0.11177884615384616 0.0829326923076923
2 0.9867788461538461 0.875 0.026442307692307692 0.08653846153846154
3 0.9278846153846154 0.9050480769230769 0.11778846153846154 0.08413461538461539