2 0.09375 0.44350961538461536 0.15384615384615385 0.03125
3 0.10336538461538461 0.3737980769230769 0.15504807692307693 0.11658653846153846
9 0.04447115384615385 0.18629807692307693 0.0889423076923077 0.13701923076923078
6 0.31490384615384615 0.3112980769230769 0.17548076923076922 0.1310096153846154
10 0.7211538461538461 0.41225961538461536 0.21153846153846154 0.09375
3 0.6730769230769231 0.23197115384615385 0.19831730769230768 0.16346153846153846
9 0.4879807692307692 0.25600961538461536 0.15865384615384615 0.17067307692307693
8 0.09254807692307693 0.8064903846153846 0.1622596153846154 0.11298076923076923
0 0.10576923076923077 0.6911057692307693 0.17067307692307693 0.12379807692307693
6 0.08774038461538461 0.5661057692307693 0.17548076923076922 0.13701923076923078
1 0.578125 0.9074519230769231 0.15865384615384615 0.12259615384615384
6 0.7427884615384616 0.9086538461538461 0.15985576923076922 0.12259615384615384