0 0.31850961538461536 0.020432692307692308 0.13221153846153846 0.040865384615384616
3 0.31971153846153844 0.3269230769230769 0.13701923076923078 0.171875
9 0.18990384615384615 0.2764423076923077 0.12620192307692307 0.15745192307692307
5 0.796875 0.08173076923076923 0.13221153846153846 0.16346153846153846
9 0.6766826923076923 0.18509615384615385 0.14302884615384615 0.18990384615384615
6 0.5889423076923077 0.24519230769230768 0.08173076923076923 0.18269230769230768
1 0.6322115384615384 0.40384615384615385 0.1346153846153846 0.18629807692307693
9 0.7836538461538461 0.38341346153846156 0.12980769230769232 0.18509615384615385
11 0.7283653846153846 0.5516826923076923 0.13341346153846154 0.17307692307692307
5 0.24759615384615385 0.7019230769230769 0.2692307692307692 0.125
1 0.24278846153846154 0.8629807692307693 0.26802884615384615 0.19230769230769232
11 0.051682692307692304 0.8473557692307693 0.10336538461538461 0.19471153846153846
9 0.6574519230769231 0.6646634615384616 0.0985576923076923 0.05048076923076923
1 0.5793269230769231 0.6634615384615384 0.0625 0.04807692307692308
4 0.5757211538461539 0.7824519230769231 0.055288461538461536 0.08413461538461539
0 0.6009615384615384 0.8521634615384616 0.10576923076923077 0.07451923076923077
9 0.5865384615384616 0.9290865384615384 0.07692307692307693 0.07451923076923077