8 0.04326923076923077 0.08774038461538461 0.08653846153846154 0.1466346153846154
11 0.15144230769230768 0.10697115384615384 0.0985576923076923 0.14182692307692307
11 0.2439903846153846 0.052884615384615384 0.0985576923076923 0.10576923076923077
9 0.109375 0.021634615384615384 0.10817307692307693 0.04326923076923077
3 0.5 0.13221153846153846 0.12980769230769232 0.0889423076923077
6 0.4411057692307692 0.026442307692307692 0.06490384615384616 0.052884615384615384
11 0.5516826923076923 0.04927884615384615 0.12620192307692307 0.09615384615384616
9 0.10576923076923077 0.6754807692307693 0.09014423076923077 0.1201923076923077
11 0.19230769230769232 0.6658653846153846 0.08413461538461539 0.11778846153846154
2 0.1814903846153846 0.5492788461538461 0.09134615384615384 0.11298076923076923
8 0.2704326923076923 0.5240384615384616 0.08653846153846154 0.109375
9 0.6766826923076923 0.9555288461538461 0.12259615384615384 0.0889423076923077
9 0.8858173076923077 0.6694711538461539 0.109375 0.1502403846153846
7 0.6622596153846154 0.8341346153846154 0.12259615384615384 0.1622596153846154
1 0.7680288461538461 0.6622596153846154 0.11538461538461539 0.14783653846153846
2 0.7199519230769231 0.49038461538461536 0.13822115384615385 0.18028846153846154
4 0.828125 0.41947115384615385 0.12259615384615384 0.14182692307692307