1 0.4026442307692308 0.5961538461538461 0.05048076923076923 0.14423076923076922
1 0.3245192307692308 0.13701923076923078 0.1141826923076923 0.15384615384615385
7 0.40865384615384615 0.4338942307692308 0.038461538461538464 0.16105769230769232
7 0.3605769230769231 0.3317307692307692 0.1045673076923077 0.14543269230769232
11 0.3473557692307692 0.5144230769230769 0.11298076923076923 0.140625
0 0.40024038461538464 0.19471153846153846 0.055288461538461536 0.15384615384615385
2 0.9314903846153846 0.3918269230769231 0.13701923076923078 0.14903846153846154
2 0.7932692307692307 0.3161057692307692 0.21514423076923078 0.16466346153846154
10 0.22596153846153846 0.6826923076923077 0.09615384615384616 0.028846153846153848
10 0.41346153846153844 0.7596153846153846 0.028846153846153848 0.07692307692307693
8 0.12860576923076922 0.6862980769230769 0.09375 0.036057692307692304
8 0.3125 0.8569711538461539 0.09375 0.07451923076923077
5 0.39302884615384615 0.8677884615384616 0.06971153846153846 0.07211538461538461
5 0.036057692307692304 0.78125 0.07211538461538461 0.07692307692307693
11 0.21514423076923078 0.7367788461538461 0.09735576923076923 0.06850961538461539
11 0.1935096153846154 0.9783653846153846 0.0985576923076923 0.04326923076923077
9 0.21394230769230768 0.8076923076923077 0.09375 0.07211538461538461
9 0.1201923076923077 0.7716346153846154 0.09134615384615384 0.0733173076923077
9 0.4026442307692308 0.9579326923076923 0.05048076923076923 0.07932692307692307
9 0.31009615384615385 0.953125 0.09615384615384616 0.07692307692307693
9 0.22596153846153846 0.9194711538461539 0.1141826923076923 0.08052884615384616
1 0.14543269230769232 0.8701923076923077 0.11057692307692307 0.07932692307692307
3 0.09735576923076923 0.9867788461538461 0.0985576923076923 0.026442307692307692
3 0.7776442307692307 0.921875 0.12259615384615384 0.15625
3 0.6814903846153846 0.8521634615384616 0.11057692307692307 0.14783653846153846
8 0.7391826923076923 0.7247596153846154 0.10336538461538461 0.11298076923076923
4 0.6262019230769231 0.9627403846153846 0.0985576923076923 0.07451923076923077
6 0.5396634615384616 0.8990384615384616 0.11177884615384616 0.1466346153846154
1 0.4651442307692308 0.8269230769230769 0.07451923076923077 0.14903846153846154