10 0.0625 0.3401442307692308 0.125 0.0985576923076923
2 0.171875 0.2704326923076923 0.17307692307692307 0.140625
10 0.9278846153846154 0.19230769230769232 0.14423076923076922 0.1201923076923077
7 0.7824519230769231 0.039663461538461536 0.13701923076923078 0.07932692307692307
9 0.9807692307692307 0.11177884615384616 0.038461538461538464 0.12259615384615384
6 0.30408653846153844 0.7103365384615384 0.1658653846153846 0.10697115384615384
1 0.14182692307692307 0.6995192307692307 0.15625 0.11538461538461539
11 0.31971153846153844 0.5913461538461539 0.16706730769230768 0.10697115384615384
3 0.15625 0.5805288461538461 0.15264423076923078 0.12259615384615384
7 0.31009615384615385 0.46875 0.1875 0.12860576923076922
0 0.13341346153846154 0.45552884615384615 0.16706730769230768 0.1310096153846154
2 0.02283653846153846 0.5745192307692307 0.04567307692307692 0.14423076923076922
6 0.7079326923076923 0.9326923076923077 0.1622596153846154 0.11899038461538461
1 0.6322115384615384 0.8257211538461539 0.15625 0.12259615384615384
3 0.9074519230769231 0.9038461538461539 0.14783653846153846 0.10216346153846154
11 0.9254807692307693 0.7956730769230769 0.14302884615384615 0.10817307692307693
6 0.8329326923076923 0.47836538461538464 0.14302884615384615 0.11177884615384616
9 0.7307692307692307 0.6370192307692307 0.14182692307692307 0.10576923076923077
9 0.8557692307692307 0.4050480769230769 0.14423076923076922 0.03125
5 0.8762019230769231 0.6418269230769231 0.14302884615384615 0.10697115384615384