9 0.13822115384615385 0.45913461538461536 0.07692307692307693 0.09975961538461539
7 0.19230769230769232 0.3942307692307692 0.07572115384615384 0.09735576923076923
7 0.25721153846153844 0.36778846153846156 0.07211538461538461 0.10336538461538461
6 0.20552884615384615 0.29086538461538464 0.0733173076923077 0.0985576923076923
8 0.25841346153846156 0.48197115384615385 0.07572115384615384 0.09134615384615384
5 0.3269230769230769 0.4423076923076923 0.06610576923076923 0.09975961538461539
7 0.359375 0.28966346153846156 0.06971153846153846 0.09615384615384616
0 0.42788461538461536 0.25 0.06971153846153846 0.09975961538461539
6 0.35336538461538464 0.18990384615384615 0.07091346153846154 0.09375
4 0.4230769230769231 0.15625 0.06971153846153846 0.10336538461538461
10 0.43028846153846156 0.4266826923076923 0.06850961538461539 0.09495192307692307
8 0.4567307692307692 0.5144230769230769 0.06850961538461539 0.09495192307692307
11 0.53125 0.4951923076923077 0.07451923076923077 0.09254807692307693
9 0.5096153846153846 0.40384615384615385 0.0733173076923077 0.09615384615384616
5 0.2704326923076923 0.11658653846153846 0.07091346153846154 0.09254807692307693
9 0.20432692307692307 0.11177884615384616 0.06490384615384616 0.09375
4 0.8461538461538461 0.4495192307692308 0.17067307692307693 0.12259615384615384
2 0.9074519230769231 0.33052884615384615 0.17427884615384615 0.14302884615384615
7 0.3389423076923077 0.7896634615384616 0.17427884615384615 0.13581730769230768
9 0.20072115384615385 0.7127403846153846 0.17067307692307693 0.12740384615384615
3 0.6730769230769231 0.7848557692307693 0.04807692307692308 0.09375
2 0.7247596153846154 0.7439903846153846 0.07091346153846154 0.10096153846153846