2 0.016826923076923076 0.21394230769230768 0.03365384615384615 0.125
2 0.14423076923076922 0.5528846153846154 0.14423076923076922 0.09134615384615384
9 0.03125 0.5480769230769231 0.0625 0.10096153846153846
1 0.26802884615384615 0.35336538461538464 0.14302884615384615 0.1141826923076923
1 0.020432692307692308 0.44711538461538464 0.040865384615384616 0.11057692307692307
11 0.4026442307692308 0.328125 0.13221153846153846 0.11298076923076923
6 0.20072115384615385 0.45913461538461536 0.13942307692307693 0.10817307692307693
3 0.4963942307692308 0.23197115384615385 0.055288461538461536 0.10817307692307693
3 0.9242788461538461 0.33774038461538464 0.1346153846153846 0.09014423076923077
2 0.9819711538461539 0.11899038461538461 0.036057692307692304 0.10336538461538461
2 0.5540865384615384 0.10216346153846154 0.1310096153846154 0.0985576923076923
2 0.7235576923076923 0.11298076923076923 0.12620192307692307 0.09735576923076923
2 0.8798076923076923 0.10096153846153846 0.13581730769230768 0.10096153846153846
2 0.8930288461538461 0.025240384615384616 0.14182692307692307 0.05048076923076923
1 0.6201923076923077 0.3557692307692308 0.125 0.08653846153846154
1 0.7548076923076923 0.3641826923076923 0.12860576923076922 0.0985576923076923
11 0.8100961538461539 0.2704326923076923 0.1310096153846154 0.1045673076923077
6 0.6286057692307693 0.2644230769230769 0.12139423076923077 0.09375
6 0.5228365384615384 0.026442307692307692 0.10817307692307693 0.052884615384615384
5 0.7247596153846154 0.03245192307692308 0.12740384615384615 0.06490384615384616
3 0.025240384615384616 0.6694711538461539 0.05048076923076923 0.14182692307692307
2 0.2548076923076923 0.8028846153846154 0.10096153846153846 0.14423076923076922
10 0.16346153846153846 0.7379807692307693 0.11177884615384616 0.1346153846153846
11 0.6418269230769231 0.8701923076923077 0.1346153846153846 0.1045673076923077
8 0.515625 0.9699519230769231 0.09375 0.06009615384615385
7 0.7776442307692307 0.8882211538461539 0.13822115384615385 0.10336538461538461
0 0.7704326923076923 0.9699519230769231 0.14182692307692307 0.06009615384615385
3 0.6322115384615384 0.9603365384615384 0.13942307692307693 0.07932692307692307
5 0.5204326923076923 0.890625 0.10336538461538461 0.10336538461538461