2 0.41346153846153844 0.12259615384615384 0.15384615384615385 0.11899038461538461
3 0.421875 0.03245192307692308 0.15625 0.06490384615384616
3 0.6394230769230769 0.02283653846153846 0.10096153846153846 0.04567307692307692
3 0.7836538461538461 0.1658653846153846 0.1658653846153846 0.10576923076923077
4 0.6502403846153846 0.12259615384615384 0.12259615384615384 0.1201923076923077
9 0.7992788461538461 0.04927884615384615 0.1658653846153846 0.0985576923076923
1 0.9375 0.07932692307692307 0.125 0.1201923076923077
3 0.02283653846153846 0.9795673076923077 0.04567307692307692 0.040865384615384616
3 0.38822115384615385 0.9555288461538461 0.06971153846153846 0.0889423076923077
3 0.3762019230769231 0.8557692307692307 0.06850961538461539 0.10697115384615384
4 0.025240384615384616 0.8954326923076923 0.05048076923076923 0.11778846153846154
4 0.23918269230769232 0.9711538461538461 0.07451923076923077 0.057692307692307696
9 0.3581730769230769 0.5649038461538461 0.07091346153846154 0.10576923076923077
2 0.22956730769230768 0.8870192307692307 0.06971153846153846 0.10697115384615384
8 0.2848557692307692 0.5721153846153846 0.08052884615384616 0.1141826923076923
5 0.7632211538461539 0.7668269230769231 0.15144230769230768 0.11177884615384616
9 0.8365384615384616 0.6682692307692307 0.14423076923076922 0.12379807692307693
1 0.8725961538461539 0.5192307692307693 0.16346153846153846 0.12980769230769232
3 0.9627403846153846 0.8353365384615384 0.07451923076923077 0.11298076923076923
0 0.7704326923076923 0.4483173076923077 0.17067307692307693 0.06009615384615385
0 0.9206730769230769 0.9230769230769231 0.15144230769230768 0.09975961538461539