10 0.18028846153846154 0.17307692307692307 0.16105769230769232 0.1201923076923077
3 0.04567307692307692 0.3173076923076923 0.09134615384615384 0.11538461538461539
4 0.04326923076923077 0.18509615384615385 0.08653846153846154 0.1201923076923077
0 0.04326923076923077 0.44350961538461536 0.08653846153846154 0.12740384615384615
2 0.18870192307692307 0.2932692307692308 0.1658653846153846 0.125
2 0.7956730769230769 0.0829326923076923 0.06490384615384616 0.08774038461538461
7 0.7331730769230769 0.09014423076923077 0.06009615384615385 0.07932692307692307
6 0.6742788461538461 0.056490384615384616 0.055288461538461536 0.0829326923076923
7 0.6141826923076923 0.078125 0.05889423076923077 0.0829326923076923
0 0.5853365384615384 0.026442307692307692 0.06490384615384616 0.052884615384615384
5 0.5264423076923077 0.04567307692307692 0.06610576923076923 0.08774038461538461
2 0.5576923076923077 0.1310096153846154 0.056490384615384616 0.07451923076923077
8 0.5552884615384616 0.203125 0.06009615384615385 0.07932692307692307
8 0.48197115384615385 0.01201923076923077 0.06490384615384616 0.02403846153846154
10 0.6670673076923077 0.18389423076923078 0.06490384615384616 0.09254807692307693
9 0.6213942307692307 0.2439903846153846 0.0673076923076923 0.09375
6 0.7103365384615384 0.23798076923076922 0.0673076923076923 0.09375
9 0.7608173076923077 0.18629807692307693 0.06490384615384616 0.09134615384615384
3 0.8197115384615384 0.15865384615384615 0.057692307692307696 0.0829326923076923
3 0.0829326923076923 0.9567307692307693 0.16105769230769232 0.08653846153846154
0 0.296875 0.8185096153846154 0.13701923076923078 0.10697115384615384
1 0.27884615384615385 0.9242788461538461 0.13701923076923078 0.11778846153846154
5 0.8064903846153846 0.6069711538461539 0.12259615384615384 0.11778846153846154
8 0.6947115384615384 0.6394230769230769 0.12139423076923077 0.1622596153846154
10 0.9158653846153846 0.6947115384615384 0.11538461538461539 0.15504807692307693
3 0.6382211538461539 0.8942307692307693 0.10697115384615384 0.14783653846153846
9 0.8004807692307693 0.7487980769230769 0.11778846153846154 0.15745192307692307
6 0.8653846153846154 0.8822115384615384 0.1141826923076923 0.14423076923076922
11 0.7512019230769231 0.9050480769230769 0.1141826923076923 0.15384615384615385
9 0.9615384615384616 0.8473557692307693 0.07692307692307693 0.15144230769230768