6 0.09375 0.038461538461538464 0.08173076923076923 0.07692307692307693
7 0.12379807692307693 0.1502403846153846 0.08052884615384616 0.1045673076923077
6 0.052884615384615384 0.20432692307692307 0.078125 0.1045673076923077
2 0.039663461538461536 0.09495192307692307 0.07932692307692307 0.11778846153846154
7 0.0673076923076923 0.29447115384615385 0.08052884615384616 0.109375
11 0.10576923076923077 0.38461538461538464 0.07932692307692307 0.11057692307692307
10 0.14182692307692307 0.25961538461538464 0.07932692307692307 0.09735576923076923
9 0.21033653846153846 0.21153846153846154 0.08052884615384616 0.10817307692307693
9 0.7463942307692307 0.038461538461538464 0.12259615384615384 0.07692307692307693
9 0.5396634615384616 0.32091346153846156 0.109375 0.1502403846153846
7 0.7632211538461539 0.15625 0.12259615384615384 0.1622596153846154
1 0.6574519230769231 0.328125 0.11538461538461539 0.14783653846153846
2 0.7055288461538461 0.5 0.13822115384615385 0.18028846153846154
4 0.5949519230769231 0.5480769230769231 0.12259615384615384 0.10096153846153846
4 0.34615384615384615 0.6706730769230769 0.125 0.14423076923076922
2 0.328125 0.9086538461538461 0.16105769230769232 0.1778846153846154
2 0.7247596153846154 0.7439903846153846 0.21875 0.1502403846153846
2 0.5456730769230769 0.8209134615384616 0.21514423076923078 0.16466346153846154