6 0.10697115384615384 0.4375 0.16947115384615385 0.12259615384615384
2 0.12620192307692307 0.5661057692307693 0.17548076923076922 0.12740384615384615
9 0.5817307692307693 0.33533653846153844 0.10096153846153846 0.15264423076923078
11 0.53125 0.45913461538461536 0.10817307692307693 0.1502403846153846
2 0.8028846153846154 0.23076923076923078 0.10336538461538461 0.1346153846153846
1 0.6442307692307693 0.46634615384615385 0.10336538461538461 0.1502403846153846
1 0.6935096153846154 0.3389423076923077 0.11057692307692307 0.14423076923076922
8 0.8064903846153846 0.3605769230769231 0.10096153846153846 0.13822115384615385
7 0.75 0.5060096153846154 0.10096153846153846 0.12740384615384615
10 0.8545673076923077 0.49158653846153844 0.10216346153846154 0.140625
11 0.8497596153846154 0.5973557692307693 0.11298076923076923 0.06490384615384616
9 0.6370192307692307 0.5865384615384616 0.09615384615384616 0.08653846153846154
7 0.5372596153846154 0.5853365384615384 0.0985576923076923 0.0889423076923077
3 0.2956730769230769 0.8822115384615384 0.1622596153846154 0.125
0 0.0829326923076923 0.7247596153846154 0.13701923076923078 0.10697115384615384
1 0.10096153846153846 0.8305288461538461 0.13701923076923078 0.11778846153846154
9 0.20552884615384615 0.9579326923076923 0.16105769230769232 0.08413461538461539