6 0.20552884615384615 0.265625 0.12740384615384615 0.11298076923076923
7 0.21634615384615385 0.49399038461538464 0.10576923076923077 0.06971153846153846
1 0.34134615384615385 0.04326923076923077 0.14423076923076922 0.08653846153846154
6 0.49038461538461536 0.02403846153846154 0.16346153846153846 0.04807692307692308
2 0.7079326923076923 0.056490384615384616 0.1658653846153846 0.11298076923076923
2 0.6502403846153846 0.23798076923076922 0.15144230769230768 0.11177884615384616
2 0.9314903846153846 0.2764423076923077 0.13701923076923078 0.11538461538461539
2 0.9411057692307693 0.40024038461538464 0.11778846153846154 0.11778846153846154
3 0.4963942307692308 0.2247596153846154 0.14543269230769232 0.11778846153846154
11 0.35096153846153844 0.26322115384615385 0.15504807692307693 0.11177884615384616
11 0.9050480769230769 0.06129807692307692 0.17548076923076922 0.12259615384615384
6 0.6790865384615384 0.3545673076923077 0.16706730769230768 0.1201923076923077
4 0.7884615384615384 0.1622596153846154 0.16105769230769232 0.12259615384615384
7 0.01201923076923077 0.6526442307692307 0.02403846153846154 0.12740384615384615
9 0.018028846153846152 0.9302884615384616 0.036057692307692304 0.11538461538461539
9 0.06129807692307692 0.7716346153846154 0.09615384615384616 0.12740384615384615
10 0.06009615384615385 0.5889423076923077 0.09615384615384616 0.1201923076923077
4 0.13942307692307693 0.6875 0.0985576923076923 0.12980769230769232
6 0.1875 0.5817307692307693 0.09134615384615384 0.10576923076923077
1 0.1502403846153846 0.8197115384615384 0.09254807692307693 0.12379807692307693
5 0.0829326923076923 0.9134615384615384 0.09254807692307693 0.11538461538461539
7 0.34975961538461536 0.8004807692307693 0.16105769230769232 0.22596153846153846
0 0.7475961538461539 0.7800480769230769 0.3161057692307692 0.22115384615384615
4 0.7644230769230769 0.9447115384615384 0.3173076923076923 0.11057692307692307