2 0.35697115384615385 0.31009615384615385 0.06490384615384616 0.1346153846153846
8 0.3557692307692308 0.17908653846153846 0.0673076923076923 0.13701923076923078
10 0.3245192307692308 0.05889423076923077 0.10096153846153846 0.11778846153846154
7 0.9543269230769231 0.484375 0.09134615384615384 0.06971153846153846
7 0.8233173076923077 0.4831730769230769 0.17067307692307693 0.07211538461538461
1 0.13581730769230768 0.640625 0.15865384615384615 0.12259615384615384
6 0.025240384615384616 0.640625 0.05048076923076923 0.12259615384615384
9 0.953125 0.8245192307692307 0.09375 0.17307692307692307
9 0.7596153846153846 0.5444711538461539 0.11057692307692307 0.05048076923076923
7 0.9615384615384616 0.6598557692307693 0.07692307692307693 0.16105769230769232
1 0.8774038461538461 0.5408653846153846 0.11538461538461539 0.04326923076923077