9 0.35216346153846156 0.08653846153846154 0.20072115384615385 0.14903846153846154
8 0.4651442307692308 0.21634615384615385 0.21394230769230768 0.171875
11 0.6742788461538461 0.055288461538461536 0.18509615384615385 0.11057692307692307
1 0.6694711538461539 0.18509615384615385 0.18269230769230768 0.14302884615384615
7 0.7223557692307693 0.5552884615384616 0.13221153846153846 0.09134615384615384
2 0.609375 0.7608173076923077 0.1658653846153846 0.125
3 0.7139423076923077 0.8389423076923077 0.14903846153846154 0.125
0 0.7572115384615384 0.6502403846153846 0.0625 0.10817307692307693
10 0.4579326923076923 0.8713942307692307 0.14423076923076922 0.11177884615384616
8 0.3161057692307692 0.8990384615384616 0.14182692307692307 0.10576923076923077
7 0.8197115384615384 0.5973557692307693 0.0625 0.11778846153846154