3 0.07091346153846154 0.5240384615384616 0.12259615384615384 0.0673076923076923
3 0.014423076923076924 0.49038461538461536 0.028846153846153848 0.1346153846153846
8 0.042067307692307696 0.3629807692307692 0.08413461538461539 0.12980769230769232
2 0.027644230769230768 0.23317307692307693 0.055288461538461536 0.1346153846153846
8 0.9579326923076923 0.18269230769230768 0.08413461538461539 0.12980769230769232
10 0.8100961538461539 0.2776442307692308 0.09615384615384616 0.12980769230769232
4 0.7139423076923077 0.23677884615384615 0.10336538461538461 0.13581730769230768
0 0.6153846153846154 0.20192307692307693 0.10697115384615384 0.140625
9 0.8329326923076923 0.14543269230769232 0.10096153846153846 0.14543269230769232
2 0.9663461538461539 0.057692307692307696 0.0673076923076923 0.11538461538461539
2 0.2512019230769231 0.7163461538461539 0.12860576923076922 0.09975961538461539
7 0.09254807692307693 0.8125 0.14302884615384615 0.10697115384615384
6 0.2668269230769231 0.6117788461538461 0.14182692307692307 0.10336538461538461
9 0.054086538461538464 0.7079326923076923 0.10817307692307693 0.11298076923076923
7 0.8930288461538461 0.9495192307692307 0.18509615384615385 0.10096153846153846
5 0.9326923076923077 0.8245192307692307 0.1346153846153846 0.15865384615384615
1 0.7127403846153846 0.9086538461538461 0.18870192307692307 0.15985576923076922
3 0.5072115384615384 0.8425480769230769 0.2127403846153846 0.16826923076923078