7 0.16706730769230768 0.5432692307692307 0.12740384615384615 0.07211538461538461
7 0.16947115384615385 0.06370192307692307 0.15144230769230768 0.12740384615384615
10 0.2439903846153846 0.17067307692307693 0.15264423076923078 0.11778846153846154
10 0.49038461538461536 0.06971153846153846 0.15865384615384615 0.12740384615384615
3 0.1814903846153846 0.40625 0.13942307692307693 0.09975961538461539
8 0.2956730769230769 0.5456730769230769 0.125 0.0673076923076923
9 0.36778846153846156 0.30528846153846156 0.15504807692307693 0.1141826923076923
5 0.4987980769230769 0.23918269230769232 0.15504807692307693 0.12259615384615384
6 0.40625 0.016826923076923076 0.16826923076923078 0.03365384615384615
0 0.06009615384615385 0.38341346153846156 0.1201923076923077 0.10336538461538461
7 0.7283653846153846 0.1622596153846154 0.038461538461538464 0.06009615384615385
4 0.734375 0.03125 0.05048076923076923 0.0625
5 0.234375 0.9086538461538461 0.2764423076923077 0.18269230769230768
4 0.5252403846153846 0.9050480769230769 0.2860576923076923 0.18990384615384615
5 0.22235576923076922 0.7127403846153846 0.2668269230769231 0.19110576923076922
5 0.5024038461538461 0.7091346153846154 0.2848557692307692 0.20432692307692307
3 0.7379807692307693 0.8954326923076923 0.057692307692307696 0.10817307692307693
2 0.796875 0.765625 0.1310096153846154 0.0985576923076923
2 0.9507211538461539 0.7752403846153846 0.0985576923076923 0.0985576923076923
1 0.8629807692307693 0.9879807692307693 0.125 0.02403846153846154
6 0.8713942307692307 0.9278846153846154 0.12139423076923077 0.09375
6 0.7644230769230769 0.6634615384615384 0.11057692307692307 0.10576923076923077
5 0.9519230769230769 0.6754807692307693 0.09615384615384616 0.10576923076923077