5 0.11658653846153846 0.39663461538461536 0.0985576923076923 0.04326923076923077
0 0.038461538461538464 0.3870192307692308 0.07692307692307693 0.0625
9 0.13581730769230768 0.3173076923076923 0.09495192307692307 0.12980769230769232
3 0.9086538461538461 0.2668269230769231 0.14182692307692307 0.10697115384615384
3 0.9507211538461539 0.17668269230769232 0.0985576923076923 0.11778846153846154
9 0.6923076923076923 0.20552884615384615 0.12259615384615384 0.08774038461538461
8 0.578125 0.29447115384615385 0.1346153846153846 0.10576923076923077
8 0.6838942307692307 0.11057692307692307 0.12379807692307693 0.10096153846153846
2 0.6526442307692307 0.026442307692307692 0.1466346153846154 0.052884615384615384
2 0.4362980769230769 0.26322115384615385 0.055288461538461536 0.10817307692307693
2 0.5072115384615384 0.20432692307692307 0.14182692307692307 0.10697115384615384
5 0.46634615384615385 0.35096153846153844 0.11538461538461539 0.10096153846153846
9 0.31490384615384615 0.9399038461538461 0.10576923076923077 0.1201923076923077
9 0.19831730769230768 0.9711538461538461 0.0985576923076923 0.057692307692307696
10 0.17668269230769232 0.8810096153846154 0.09375 0.13942307692307693
6 0.1814903846153846 0.75 0.10697115384615384 0.14783653846153846
7 0.10817307692307693 0.6346153846153846 0.109375 0.15504807692307693
5 0.3485576923076923 0.8137019230769231 0.10216346153846154 0.13701923076923078
7 0.78125 0.5985576923076923 0.15985576923076922 0.12259615384615384
7 0.6346153846153846 0.5276442307692307 0.16706730769230768 0.12259615384615384
2 0.42427884615384615 0.5949519230769231 0.03125 0.11778846153846154
10 0.4519230769230769 0.4807692307692308 0.08653846153846154 0.1201923076923077