1 0.37259615384615385 0.16346153846153846 0.11057692307692307 0.125
9 0.328125 0.05889423076923077 0.17067307692307693 0.11778846153846154
2 0.0673076923076923 0.23677884615384615 0.1346153846153846 0.11298076923076923
2 0.21394230769230768 0.2091346153846154 0.1658653846153846 0.11538461538461539
7 0.9362980769230769 0.359375 0.12740384615384615 0.25240384615384615
7 0.796875 0.515625 0.3004807692307692 0.1658653846153846
7 0.5805288461538461 0.3713942307692308 0.30528846153846156 0.24278846153846154
0 0.7980769230769231 0.1971153846153846 0.33774038461538464 0.2548076923076923
9 0.03125 0.8088942307692307 0.0625 0.13221153846153846
11 0.23918269230769232 0.625 0.18509615384615385 0.052884615384615384
5 0.7235576923076923 0.8377403846153846 0.12259615384615384 0.15625
8 0.6105769230769231 0.7860576923076923 0.12139423076923077 0.1622596153846154
10 0.8317307692307693 0.7307692307692307 0.11538461538461539 0.15504807692307693
9 0.7151442307692307 0.6766826923076923 0.11778846153846154 0.15625
9 0.8942307692307693 0.625 0.11057692307692307 0.052884615384615384
6 0.9675480769230769 0.6490384615384616 0.06490384615384616 0.10096153846153846