11 0.3245192307692308 0.4495192307692308 0.15865384615384615 0.057692307692307696
9 0.1658653846153846 0.4579326923076923 0.15865384615384615 0.040865384615384616
8 0.4074519230769231 0.22355769230769232 0.17307692307692307 0.13341346153846154
2 0.2764423076923077 0.14182692307692307 0.1814903846153846 0.12980769230769232
7 0.8449519230769231 0.28125 0.13221153846153846 0.09615384615384616
7 0.9350961538461539 0.4206730769230769 0.11177884615384616 0.09375
10 0.7536057692307693 0.21995192307692307 0.12620192307692307 0.09615384615384616
5 0.7668269230769231 0.4182692307692308 0.11899038461538461 0.09134615384615384
4 0.625 0.7512019230769231 0.10096153846153846 0.1502403846153846
3 0.5216346153846154 0.6790865384615384 0.11057692307692307 0.15504807692307693
3 0.13942307692307693 0.6670673076923077 0.08774038461538461 0.12139423076923077
3 0.08052884615384616 0.5721153846153846 0.08533653846153846 0.1310096153846154
2 0.12259615384615384 0.7956730769230769 0.08653846153846154 0.12620192307692307
8 0.20552884615384615 0.7524038461538461 0.09134615384615384 0.11899038461538461
8 0.21754807692307693 0.6213942307692307 0.08413461538461539 0.11177884615384616
11 0.15865384615384615 0.5324519230769231 0.08173076923076923 0.10817307692307693
9 0.4098557692307692 0.6550480769230769 0.09615384615384616 0.13221153846153846
5 0.3161057692307692 0.6298076923076923 0.09134615384615384 0.125
3 0.8918269230769231 0.953125 0.12860576923076922 0.09014423076923077
4 0.8858173076923077 0.8473557692307693 0.13822115384615385 0.10697115384615384
1 0.7415865384615384 0.6790865384615384 0.10336538461538461 0.10336538461538461
9 0.8665865384615384 0.6634615384615384 0.14783653846153846 0.10576923076923077