11 0.47115384615384615 0.38341346153846156 0.09615384615384616 0.0889423076923077
7 0.4098557692307692 0.051682692307692304 0.15625 0.10336538461538461
3 0.4855769230769231 0.2824519230769231 0.0673076923076923 0.11298076923076923
8 0.35697115384615385 0.31850961538461536 0.14543269230769232 0.10697115384615384
5 0.39302884615384615 0.20793269230769232 0.1502403846153846 0.11658653846153846
9 0.10216346153846154 0.15625 0.171875 0.12259615384615384
1 0.23076923076923078 0.22956730769230768 0.16346153846153846 0.12259615384615384
2 0.7572115384615384 0.35336538461538464 0.10576923076923077 0.14903846153846154
10 0.9639423076923077 0.15504807692307693 0.07211538461538461 0.17548076923076922
7 0.8810096153846154 0.0829326923076923 0.12740384615384615 0.1658653846153846
6 0.6526442307692307 0.3317307692307692 0.10697115384615384 0.15264423076923078
2 0.4230769230769231 0.9338942307692307 0.06490384615384616 0.08774038461538461
7 0.3605769230769231 0.9266826923076923 0.06009615384615385 0.07932692307692307
6 0.3016826923076923 0.9591346153846154 0.055288461538461536 0.08173076923076923
7 0.24158653846153846 0.9387019230769231 0.05889423076923077 0.0829326923076923
0 0.2127403846153846 0.9807692307692307 0.06490384615384616 0.038461538461538464
5 0.15264423076923078 0.9627403846153846 0.06490384615384616 0.07451923076923077
2 0.18509615384615385 0.8858173076923077 0.056490384615384616 0.07451923076923077
8 0.18269230769230768 0.8137019230769231 0.06009615384615385 0.07932692307692307
10 0.29447115384615385 0.8329326923076923 0.06490384615384616 0.09254807692307693
9 0.24879807692307693 0.7728365384615384 0.0673076923076923 0.09375
6 0.33774038461538464 0.7788461538461539 0.0673076923076923 0.09375
9 0.38822115384615385 0.8305288461538461 0.06490384615384616 0.09134615384615384
3 0.44711538461538464 0.8581730769230769 0.057692307692307696 0.0829326923076923
8 0.7560096153846154 0.71875 0.12620192307692307 0.09735576923076923
2 0.7151442307692307 0.6262019230769231 0.1310096153846154 0.09615384615384616
7 0.9651442307692307 0.5408653846153846 0.06971153846153846 0.10576923076923077