7 0.28725961538461536 0.02403846153846154 0.13701923076923078 0.04807692307692308
10 0.29447115384615385 0.09975961538461539 0.140625 0.1045673076923077
0 0.35697115384615385 0.20432692307692307 0.13701923076923078 0.09975961538461539
4 0.22115384615384615 0.20072115384615385 0.1346153846153846 0.10096153846153846
2 0.2848557692307692 0.4014423076923077 0.13221153846153846 0.10096153846153846
3 0.421875 0.40384615384615385 0.13221153846153846 0.0985576923076923
0 0.9375 0.25240384615384615 0.08653846153846154 0.1201923076923077
7 0.9242788461538461 0.3701923076923077 0.09134615384615384 0.12740384615384615
1 0.875 0.45552884615384615 0.09615384615384616 0.0889423076923077
8 0.7836538461538461 0.47596153846153844 0.09134615384615384 0.04807692307692308
4 0.8064903846153846 0.39302884615384615 0.09735576923076923 0.11057692307692307
0 0.8449519230769231 0.2980769230769231 0.09375 0.11538461538461539
4 0.8569711538461539 0.18389423076923078 0.09134615384615384 0.12259615384615384
9 0.7548076923076923 0.17307692307692307 0.08052884615384616 0.11177884615384616
1 0.7560096153846154 0.28365384615384615 0.08052884615384616 0.10697115384615384
7 0.7163461538461539 0.39302884615384615 0.08173076923076923 0.11057692307692307
9 0.6346153846153846 0.3858173076923077 0.08413461538461539 0.10817307692307693
7 0.671875 0.4735576923076923 0.09375 0.052884615384615384
1 0.5300480769230769 0.7151442307692307 0.0985576923076923 0.15625
11 0.1658653846153846 0.7175480769230769 0.22235576923076922 0.16105769230769232
3 0.028846153846153848 0.765625 0.057692307692307696 0.18028846153846154
6 0.16706730769230768 0.5240384615384616 0.21394230769230768 0.04807692307692308
6 0.5240384615384616 0.875 0.11057692307692307 0.15865384615384615
2 0.9242788461538461 0.5637019230769231 0.15144230769230768 0.11778846153846154
5 0.6887019230769231 0.5552884615384616 0.18509615384615385 0.11057692307692307
4 0.9170673076923077 0.6911057692307693 0.1658653846153846 0.13701923076923078