11 0.15504807692307693 0.3762019230769231 0.11177884615384616 0.1466346153846154
8 0.27163461538461536 0.4230769230769231 0.1141826923076923 0.15144230769230768
6 0.49158653846153844 0.453125 0.11298076923076923 0.15144230769230768
1 0.49399038461538464 0.3016826923076923 0.10817307692307693 0.1466346153846154
1 0.38221153846153844 0.3858173076923077 0.11177884615384616 0.14783653846153846
4 0.37740384615384615 0.23798076923076922 0.1141826923076923 0.15504807692307693
7 0.15264423076923078 0.22596153846153846 0.11538461538461539 0.1502403846153846
2 0.2692307692307692 0.27524038461538464 0.1141826923076923 0.15264423076923078
9 0.8713942307692307 0.33653846153846156 0.2091346153846154 0.17067307692307693
9 0.05889423076923077 0.7776442307692307 0.08173076923076923 0.06370192307692307
4 0.3112980769230769 0.7007211538461539 0.078125 0.07091346153846154
6 0.2283653846153846 0.7355769230769231 0.08173076923076923 0.06009615384615385
10 0.26802884615384615 0.6346153846153846 0.08173076923076923 0.06009615384615385
1 0.3605769230769231 0.6454326923076923 0.09014423076923077 0.07091346153846154
5 0.44471153846153844 0.6742788461538461 0.0829326923076923 0.06850961538461539
9 0.41466346153846156 0.6153846153846154 0.09375 0.03365384615384615
8 0.3076923076923077 0.7668269230769231 0.08653846153846154 0.06009615384615385
10 0.390625 0.7632211538461539 0.08173076923076923 0.06129807692307692
7 0.18509615384615385 0.6298076923076923 0.08653846153846154 0.06009615384615385
9 0.5168269230769231 0.6634615384615384 0.0625 0.0625
11 0.4735576923076923 0.7764423076923077 0.0829326923076923 0.06370192307692307
3 0.53125 0.7752403846153846 0.03365384615384615 0.06009615384615385
3 0.3954326923076923 0.8245192307692307 0.0829326923076923 0.06009615384615385
2 0.3125 0.828125 0.08173076923076923 0.057692307692307696
4 0.22235576923076922 0.7956730769230769 0.0829326923076923 0.06129807692307692
6 0.140625 0.7764423076923077 0.0829326923076923 0.0625
7 0.5877403846153846 0.9375 0.07932692307692307 0.10576923076923077
6 0.6586538461538461 0.8846153846153846 0.078125 0.1045673076923077
2 0.6730769230769231 0.9663461538461539 0.08653846153846154 0.0673076923076923
3 0.7379807692307693 0.9290865384615384 0.08653846153846154 0.10697115384615384
7 0.6442307692307693 0.7944711538461539 0.08052884615384616 0.109375
11 0.6057692307692307 0.7043269230769231 0.07932692307692307 0.11057692307692307
10 0.578125 0.828125 0.06009615384615385 0.0985576923076923