1 0.1658653846153846 0.20072115384615385 0.07932692307692307 0.057692307692307696
1 0.3389423076923077 0.07451923076923077 0.07451923076923077 0.055288461538461536
3 0.25841346153846156 0.06850961538461539 0.07451923076923077 0.06009615384615385
3 0.43028846153846156 0.17067307692307693 0.08413461538461539 0.05889423076923077
3 0.5108173076923077 0.15865384615384615 0.07451923076923077 0.0673076923076923
3 0.4423076923076923 0.25 0.078125 0.06009615384615385
3 0.2439903846153846 0.29447115384615385 0.08413461538461539 0.057692307692307696
3 0.020432692307692308 0.08413461538461539 0.040865384615384616 0.057692307692307696
9 0.08052884615384616 0.07572115384615384 0.08052884615384616 0.06370192307692307
2 0.06610576923076923 0.21754807692307693 0.08413461538461539 0.06129807692307692
2 0.171875 0.10216346153846154 0.078125 0.0625
4 0.24519230769230768 0.23557692307692307 0.0829326923076923 0.057692307692307696
4 0.08533653846153846 0.2764423076923077 0.07572115384615384 0.06490384615384616
8 0.18509615384615385 0.042067307692307696 0.07572115384615384 0.057692307692307696
8 0.3605769230769231 0.25240384615384615 0.0829326923076923 0.06009615384615385
9 0.16466346153846154 0.2608173076923077 0.07932692307692307 0.06009615384615385
0 0.33052884615384615 0.13341346153846154 0.078125 0.06129807692307692
0 0.25 0.12620192307692307 0.07932692307692307 0.06009615384615385
1 0.8569711538461539 0.25600961538461536 0.12740384615384615 0.10576923076923077
1 0.5889423076923077 0.296875 0.08173076923076923 0.10336538461538461
11 0.7211538461538461 0.25240384615384615 0.13221153846153846 0.10096153846153846
0 0.5889423076923077 0.19110576923076922 0.08173076923076923 0.09375
9 0.04326923076923077 0.7776442307692307 0.08653846153846154 0.11778846153846154
11 0.12740384615384615 0.8137019230769231 0.09134615384615384 0.1141826923076923
6 0.20552884615384615 0.7247596153846154 0.09375 0.13822115384615385
1 0.2668269230769231 0.8173076923076923 0.09735576923076923 0.13581730769230768
8 0.3545673076923077 0.7572115384615384 0.0889423076923077 0.12860576923076922
10 0.3088942307692308 0.6454326923076923 0.09375 0.12259615384615384
11 0.3942307692307692 0.8545673076923077 0.09254807692307693 0.12980769230769232
7 0.3125 0.9170673076923077 0.09615384615384616 0.1310096153846154
1 0.46634615384615385 0.7415865384615384 0.10096153846153846 0.12139423076923077
4 0.5300480769230769 0.7920673076923077 0.036057692307692304 0.12740384615384615
8 0.75 0.5697115384615384 0.13701923076923078 0.17668269230769232
2 0.8461538461538461 0.4891826923076923 0.125 0.12259615384615384
9 0.9735576923076923 0.5192307692307693 0.052884615384615384 0.13942307692307693
7 0.9002403846153846 0.8737980769230769 0.12259615384615384 0.15745192307692307
8 0.9675480769230769 0.9447115384615384 0.06490384615384616 0.11057692307692307