2 0.40024038461538464 0.27884615384615385 0.13822115384615385 0.18028846153846154
4 0.5096153846153846 0.1971153846153846 0.12139423076923077 0.16706730769230768
1 0.6646634615384616 0.3329326923076923 0.06971153846153846 0.13221153846153846
3 0.9242788461538461 0.2956730769230769 0.10817307692307693 0.1466346153846154
2 0.9867788461538461 0.32572115384615385 0.026442307692307692 0.14182692307692307
1 0.010817307692307692 0.7079326923076923 0.021634615384615384 0.055288461538461536
1 0.07091346153846154 0.7103365384615384 0.08413461538461539 0.06610576923076923
1 0.33653846153846156 0.5757211538461539 0.07932692307692307 0.057692307692307696
1 0.5096153846153846 0.7019230769230769 0.07451923076923077 0.055288461538461536
3 0.42908653846153844 0.7079326923076923 0.07451923076923077 0.06009615384615385
3 0.59375 0.6045673076923077 0.07211538461538461 0.06009615384615385
3 0.6009615384615384 0.5252403846153846 0.057692307692307696 0.06009615384615385
3 0.41466346153846156 0.48197115384615385 0.08413461538461539 0.057692307692307696
3 0.17307692307692307 0.6923076923076923 0.078125 0.057692307692307696
11 0.10096153846153846 0.6526442307692307 0.08774038461538461 0.06490384615384616
9 0.2512019230769231 0.7007211538461539 0.08052884615384616 0.06370192307692307
2 0.042067307692307696 0.5564903846153846 0.0829326923076923 0.06009615384615385
2 0.13822115384615385 0.5456730769230769 0.08052884615384616 0.06009615384615385
2 0.14182692307692307 0.4879807692307692 0.08052884615384616 0.06009615384615385
2 0.23677884615384615 0.5588942307692307 0.08413461538461539 0.06129807692307692
2 0.3425480769230769 0.6742788461538461 0.078125 0.0625
4 0.41586538461538464 0.5408653846153846 0.0829326923076923 0.057692307692307696
4 0.25600961538461536 0.5 0.07572115384615384 0.06490384615384616
6 0.013221153846153846 0.6502403846153846 0.026442307692307692 0.06009615384615385
8 0.3557692307692308 0.734375 0.07572115384615384 0.057692307692307696
8 0.53125 0.5240384615384616 0.0829326923076923 0.06009615384615385
9 0.33533653846153844 0.515625 0.07932692307692307 0.06009615384615385
5 0.040865384615384616 0.4963942307692308 0.07932692307692307 0.06009615384615385
0 0.5012019230769231 0.6430288461538461 0.078125 0.06129807692307692
0 0.4206730769230769 0.6502403846153846 0.07932692307692307 0.06009615384615385
6 0.8377403846153846 0.84375 0.15504807692307693 0.11538461538461539
10 0.8485576923076923 0.7271634615384616 0.15985576923076922 0.12379807692307693