11 0.41947115384615385 0.43028846153846156 0.125 0.09975961538461539
9 0.3076923076923077 0.5228365384615384 0.11778846153846154 0.0829326923076923
9 0.18990384615384615 0.5192307692307693 0.11298076923076923 0.09134615384615384
9 0.0985576923076923 0.3425480769230769 0.11778846153846154 0.09014423076923077
9 0.3557692307692308 0.23918269230769232 0.1310096153846154 0.08653846153846154
7 0.46634615384615385 0.3425480769230769 0.12620192307692307 0.09495192307692307
7 0.5432692307692307 0.09375 0.11538461538461539 0.09254807692307693
11 0.18028846153846154 0.4326923076923077 0.11778846153846154 0.08533653846153846
7 0.21634615384615385 0.3425480769230769 0.1141826923076923 0.08653846153846154
6 0.33413461538461536 0.3293269230769231 0.11177884615384616 0.09495192307692307
5 0.29927884615384615 0.43149038461538464 0.1201923076923077 0.08653846153846154
10 0.28125 0.13942307692307693 0.12139423076923077 0.08774038461538461
0 0.5108173076923077 0.18269230769230768 0.12139423076923077 0.09975961538461539
8 0.4014423076923077 0.15504807692307693 0.11778846153846154 0.1045673076923077
1 0.828125 0.46274038461538464 0.07932692307692307 0.12259615384615384
8 0.5096153846153846 0.7007211538461539 0.10576923076923077 0.10336538461538461
11 0.39302884615384615 0.7091346153846154 0.0985576923076923 0.1201923076923077
11 0.29927884615384615 0.6730769230769231 0.0985576923076923 0.04807692307692308
7 0.9459134615384616 0.7512019230769231 0.10817307692307693 0.14182692307692307
9 0.8389423076923077 0.7524038461538461 0.10096153846153846 0.13942307692307693
3 0.8353365384615384 0.8966346153846154 0.09375 0.15384615384615385