1 0.2403846153846154 0.23076923076923078 0.1141826923076923 0.15384615384615385
7 0.203125 0.3798076923076923 0.10336538461538461 0.057692307692307696
0 0.1346153846153846 0.28966346153846156 0.11538461538461539 0.15384615384615385
1 0.6514423076923077 0.375 0.10576923076923077 0.0673076923076923
6 0.78125 0.3942307692307692 0.16346153846153846 0.028846153846153848
2 0.9579326923076923 0.36177884615384615 0.08413461538461539 0.09375
2 0.9326923076923077 0.19110576923076922 0.1346153846153846 0.11298076923076923
3 0.7872596153846154 0.20552884615384615 0.14543269230769232 0.11778846153846154
11 0.6586538461538461 0.1658653846153846 0.1201923076923077 0.11057692307692307
6 0.9423076923076923 0.07451923076923077 0.11538461538461539 0.1201923076923077
8 0.125 0.5324519230769231 0.21153846153846154 0.15384615384615385
3 0.40865384615384615 0.8016826923076923 0.20673076923076922 0.15144230769230768
3 0.31490384615384615 0.4723557692307692 0.21634615384615385 0.12740384615384615
9 0.5480769230769231 0.8617788461538461 0.10096153846153846 0.1466346153846154
1 0.5564903846153846 0.49278846153846156 0.08413461538461539 0.14903846153846154
3 0.6478365384615384 0.6730769230769231 0.0733173076923077 0.09495192307692307
2 0.7103365384615384 0.6310096153846154 0.07091346153846154 0.10096153846153846