11 0.5180288461538461 0.38221153846153844 0.07932692307692307 0.1201923076923077
9 0.40024038461538464 0.39783653846153844 0.15865384615384615 0.11778846153846154
2 0.4879807692307692 0.054086538461538464 0.13942307692307693 0.10817307692307693
0 0.7932692307692307 0.3557692307692308 0.10336538461538461 0.13942307692307693
3 0.7668269230769231 0.49038461538461536 0.0985576923076923 0.140625
3 0.6141826923076923 0.3137019230769231 0.09495192307692307 0.13942307692307693
10 0.609375 0.5576923076923077 0.10336538461538461 0.1346153846153846
9 0.6310096153846154 0.17908653846153846 0.09975961538461539 0.12740384615384615
9 0.8713942307692307 0.5649038461538461 0.1141826923076923 0.1502403846153846
1 0.9146634615384616 0.42427884615384615 0.11778846153846154 0.15144230769230768
2 0.4495192307692308 0.9471153846153846 0.10576923076923077 0.10576923076923077
8 0.39663461538461536 0.8569711538461539 0.09975961538461539 0.1346153846153846
1 0.9903846153846154 0.9338942307692307 0.019230769230769232 0.06490384615384616
4 0.9423076923076923 0.9110576923076923 0.08173076923076923 0.06850961538461539