3 0.07451923076923077 0.20793269230769232 0.12860576923076922 0.09014423076923077
4 0.08052884615384616 0.3137019230769231 0.13822115384615385 0.10697115384615384
0 0.42427884615384615 0.42908653846153844 0.13701923076923078 0.10697115384615384
1 0.24158653846153846 0.4807692307692308 0.13701923076923078 0.10336538461538461
1 0.4362980769230769 0.5348557692307693 0.12740384615384615 0.11778846153846154
9 0.4831730769230769 0.6862980769230769 0.03365384615384615 0.13221153846153846
9 0.09975961538461539 0.49759615384615385 0.14783653846153846 0.10576923076923077
1 0.8846153846153846 0.1502403846153846 0.07572115384615384 0.1201923076923077
1 0.9375 0.3233173076923077 0.0625 0.1045673076923077
1 0.8185096153846154 0.40865384615384615 0.07572115384615384 0.10697115384615384
2 0.5348557692307693 0.6081730769230769 0.06971153846153846 0.10096153846153846
2 0.5420673076923077 0.7163461538461539 0.06971153846153846 0.11538461538461539
2 0.7043269230769231 0.7283653846153846 0.06850961538461539 0.10576923076923077
2 0.7331730769230769 0.27884615384615385 0.07091346153846154 0.09735576923076923
2 0.5805288461538461 0.29086538461538464 0.078125 0.09975961538461539
3 0.5144230769230769 0.38822115384615385 0.028846153846153848 0.11778846153846154
10 0.5985576923076923 0.39663461538461536 0.07451923076923077 0.10697115384615384
11 0.5264423076923077 0.49278846153846156 0.052884615384615384 0.11057692307692307
11 0.8774038461538461 0.4723557692307692 0.0733173076923077 0.11778846153846154
9 0.6887019230769231 0.4735576923076923 0.07692307692307693 0.11057692307692307
9 0.984375 0.3401442307692308 0.03125 0.0985576923076923
6 0.6598557692307693 0.2980769230769231 0.0733173076923077 0.1045673076923077
5 0.6646634615384616 0.5805288461538461 0.08052884615384616 0.10336538461538461
5 0.6742788461538461 0.7944711538461539 0.07932692307692307 0.026442307692307692
0 0.8425480769230769 0.23677884615384615 0.07692307692307693 0.10336538461538461
8 0.421875 0.8798076923076923 0.15625 0.14423076923076922