7 0.33413461538461536 0.20552884615384615 0.17067307692307693 0.1201923076923077
6 0.4951923076923077 0.21033653846153846 0.14903846153846154 0.12259615384615384
3 0.8605769230769231 0.3485576923076923 0.1346153846153846 0.09615384615384616
3 0.6117788461538461 0.3125 0.08413461538461539 0.09615384615384616
3 0.9483173076923077 0.11298076923076923 0.10336538461538461 0.10096153846153846
8 0.8557692307692307 0.25 0.13822115384615385 0.109375
0 0.59375 0.0985576923076923 0.04807692307692308 0.10096153846153846
4 0.8269230769230769 0.12379807692307693 0.13701923076923078 0.10697115384615384
9 0.84375 0.03125 0.15865384615384615 0.0625
10 0.4206730769230769 0.8533653846153846 0.14182692307692307 0.1141826923076923
10 0.5024038461538461 0.7223557692307693 0.1346153846153846 0.11298076923076923
6 0.45913461538461536 0.9519230769230769 0.1346153846153846 0.09615384615384616
6 0.07932692307692307 0.9266826923076923 0.14182692307692307 0.10336538461538461
9 0.30649038461538464 0.9831730769230769 0.14182692307692307 0.03365384615384615
9 0.7163461538461539 0.9495192307692307 0.10576923076923077 0.10096153846153846
9 0.8305288461538461 0.9807692307692307 0.0985576923076923 0.038461538461538464
10 0.8545673076923077 0.9002403846153846 0.09375 0.13942307692307693
6 0.8497596153846154 0.7692307692307693 0.10697115384615384 0.14783653846153846
7 0.9230769230769231 0.6538461538461539 0.109375 0.15504807692307693
5 0.6826923076923077 0.8329326923076923 0.10216346153846154 0.13701923076923078