9 0.23677884615384615 0.4338942307692308 0.20432692307692307 0.15144230769230768
8 0.6742788461538461 0.4338942307692308 0.13701923076923078 0.15144230769230768
2 0.5769230769230769 0.48677884615384615 0.125 0.04567307692307692
9 0.4230769230769231 0.4675480769230769 0.11057692307692307 0.08413461538461539
3 0.3870192307692308 0.35216346153846156 0.09615384615384616 0.15625
7 0.5252403846153846 0.14302884615384615 0.12259615384615384 0.15745192307692307
8 0.42908653846153844 0.0625 0.11778846153846154 0.125
8 0.30288461538461536 0.640625 0.07211538461538461 0.13221153846153846
2 0.22956730769230768 0.7007211538461539 0.0985576923076923 0.13822115384615385
8 0.875 0.9699519230769231 0.09134615384615384 0.06009615384615385
10 0.8533653846153846 0.8762019230769231 0.0889423076923077 0.12139423076923077
0 0.7620192307692307 0.8689903846153846 0.09495192307692307 0.125
4 0.7728365384615384 0.9615384615384616 0.0985576923076923 0.07692307692307693
1 0.7115384615384616 0.7403846153846154 0.09375 0.12259615384615384
1 0.8040865384615384 0.6598557692307693 0.09134615384615384 0.12740384615384615
6 0.8930288461538461 0.7163461538461539 0.09134615384615384 0.12259615384615384
6 0.7139423076923077 0.6165865384615384 0.09495192307692307 0.12740384615384615
9 0.8040865384615384 0.5552884615384616 0.09375 0.09134615384615384
4 0.8966346153846154 0.5961538461538461 0.09254807692307693 0.12259615384615384