4 0.33653846153846156 0.08052884615384616 0.10096153846153846 0.1502403846153846
3 0.23317307692307693 0.15264423076923078 0.11057692307692307 0.15504807692307693
9 0.12139423076923077 0.17668269230769232 0.09615384615384616 0.13221153846153846
5 0.036057692307692304 0.20192307692307693 0.07211538461538461 0.125
7 0.6394230769230769 0.09014423076923077 0.15865384615384615 0.18028846153846154
8 0.4987980769230769 0.06490384615384616 0.11778846153846154 0.12980769230769232
11 0.19951923076923078 0.453125 0.1502403846153846 0.10697115384615384
1 0.25600961538461536 0.5576923076923077 0.14543269230769232 0.1201923076923077
10 0.8557692307692307 0.9759615384615384 0.09615384615384616 0.04807692307692308
8 0.7584134615384616 0.9735576923076923 0.09375 0.052884615384615384
8 0.9423076923076923 0.7944711538461539 0.09375 0.07451923076923077
5 0.6550480769230769 0.8701923076923077 0.09375 0.07692307692307693
11 0.8449519230769231 0.9146634615384616 0.09735576923076923 0.06850961538461539
11 0.8245192307692307 0.6574519230769231 0.09975961538461539 0.0733173076923077
9 0.84375 0.84375 0.09375 0.07211538461538461
9 0.75 0.8798076923076923 0.09134615384615384 0.0733173076923077
9 0.9399038461538461 0.6983173076923077 0.09615384615384616 0.07692307692307693
9 0.8557692307692307 0.7319711538461539 0.1141826923076923 0.08052884615384616
1 0.7752403846153846 0.78125 0.11057692307692307 0.07932692307692307
3 0.7283653846153846 0.6382211538461539 0.09735576923076923 0.07572115384615384
6 0.9603365384615384 0.6237980769230769 0.07932692307692307 0.07932692307692307