7 0.1346153846153846 0.20673076923076922 0.12740384615384615 0.09495192307692307
3 0.14783653846153846 0.057692307692307696 0.13942307692307693 0.09975961538461539
8 0.26322115384615385 0.21033653846153846 0.125 0.09134615384615384
0 0.04326923076923077 0.04326923076923077 0.08653846153846154 0.08653846153846154
8 0.7451923076923077 0.2536057692307692 0.09134615384615384 0.13221153846153846
6 0.6514423076923077 0.18870192307692307 0.10576923076923077 0.13942307692307693
2 0.9711538461538461 0.3557692307692308 0.057692307692307696 0.10576923076923077
9 0.7403846153846154 0.36177884615384615 0.09615384615384616 0.09375
2 0.546875 0.13581730769230768 0.11177884615384616 0.14543269230769232
7 0.06370192307692307 0.4675480769230769 0.12740384615384615 0.11778846153846154
9 0.27524038461538464 0.5685096153846154 0.16346153846153846 0.12740384615384615
7 0.3245192307692308 0.4567307692307692 0.19230769230769232 0.09615384615384616
11 0.42788461538461536 0.5180288461538461 0.04326923076923077 0.13701923076923078
0 0.39783653846153844 0.6418269230769231 0.10336538461538461 0.11538461538461539
11 0.7980769230769231 0.9591346153846154 0.08173076923076923 0.08173076923076923
3 0.8185096153846154 0.8689903846153846 0.0829326923076923 0.109375
9 0.9302884615384616 0.8713942307692307 0.0829326923076923 0.1045673076923077
9 0.9519230769230769 0.7668269230769231 0.08653846153846154 0.11057692307692307
5 0.9819711538461539 0.9038461538461539 0.036057692307692304 0.11057692307692307
7 0.6790865384615384 0.8966346153846154 0.0829326923076923 0.11298076923076923
10 0.7127403846153846 0.7872596153846154 0.08653846153846154 0.11298076923076923