9 0.3125 0.33533653846153844 0.08653846153846154 0.11177884615384616
1 0.4014423076923077 0.33413461538461536 0.08774038461538461 0.11778846153846154
1 0.9699519230769231 0.5012019230769231 0.06009615384615385 0.036057692307692304
2 0.6899038461538461 0.33774038461538464 0.08173076923076923 0.10096153846153846
2 0.703125 0.23076923076923078 0.06971153846153846 0.11538461538461539
2 0.8653846153846154 0.21875 0.06850961538461539 0.10576923076923077
10 0.7584134615384616 0.5072115384615384 0.07451923076923077 0.02403846153846154
11 0.6778846153846154 0.453125 0.07572115384615384 0.109375
9 0.8485576923076923 0.46875 0.07692307692307693 0.10096153846153846
5 0.8257211538461539 0.36658653846153844 0.08052884615384616 0.10336538461538461
5 0.8365384615384616 0.11298076923076923 0.08052884615384616 0.10336538461538461
4 0.4026442307692308 0.8725961538461539 0.22355769230769232 0.15865384615384615
4 0.5504807692307693 0.8834134615384616 0.057692307692307696 0.15144230769230768
3 0.9615384615384616 0.6658653846153846 0.07692307692307693 0.125
0 0.7920673076923077 0.8233173076923077 0.13701923076923078 0.10697115384615384
1 0.6286057692307693 0.7704326923076923 0.0985576923076923 0.10336538461538461
1 0.8100961538461539 0.7175480769230769 0.13701923076923078 0.11778846153846154
9 0.9146634615384616 0.5745192307692307 0.16105769230769232 0.11057692307692307