6 0.5144230769230769 0.22596153846153846 0.04807692307692308 0.08173076923076923
7 0.4579326923076923 0.20552884615384615 0.05889423076923077 0.0829326923076923
0 0.42908653846153844 0.2668269230769231 0.06490384615384616 0.07572115384615384
7 0.4014423076923077 0.34615384615384615 0.06610576923076923 0.09254807692307693
5 0.3701923076923077 0.23798076923076922 0.06610576923076923 0.08774038461538461
2 0.4014423076923077 0.15264423076923078 0.056490384615384616 0.07451923076923077
8 0.39903846153846156 0.08052884615384616 0.06009615384615385 0.07932692307692307
8 0.32572115384615385 0.30408653846153844 0.06490384615384616 0.09014423076923077
10 0.5084134615384616 0.0985576923076923 0.06009615384615385 0.09134615384615384
9 0.4639423076923077 0.04326923076923077 0.0673076923076923 0.08653846153846154
6 0.5288461538461539 0.04567307692307692 0.019230769230769232 0.09134615384615384
8 0.6694711538461539 0.28966346153846156 0.11778846153846154 0.15384615384615385
8 0.5504807692307693 0.11899038461538461 0.02403846153846154 0.13221153846153846
3 0.6081730769230769 0.4110576923076923 0.11057692307692307 0.15384615384615385
8 0.39903846153846156 0.8521634615384616 0.1658653846153846 0.12259615384615384
7 0.25961538461538464 0.7740384615384616 0.1622596153846154 0.12860576923076922
3 0.10817307692307693 0.8617788461538461 0.15745192307692307 0.11658653846153846
5 0.390625 0.9603365384615384 0.17548076923076922 0.07932692307692307
1 0.6514423076923077 0.9879807692307693 0.07692307692307693 0.02403846153846154
2 0.9423076923076923 0.8305288461538461 0.08173076923076923 0.10096153846153846
2 0.9290865384615384 0.7235576923076923 0.06971153846153846 0.11538461538461539
2 0.7668269230769231 0.7115384615384616 0.06850961538461539 0.10576923076923077
11 0.953125 0.9447115384615384 0.07451923076923077 0.11057692307692307
11 0.5925480769230769 0.9543269230769231 0.07451923076923077 0.09134615384615384
9 0.78125 0.9555288461538461 0.07692307692307693 0.0889423076923077
5 0.8064903846153846 0.859375 0.08052884615384616 0.10336538461538461
5 0.7956730769230769 0.6057692307692307 0.08052884615384616 0.10336538461538461