6 0.0733173076923077 0.38461538461538464 0.109375 0.14783653846153846
6 0.12740384615384615 0.27283653846153844 0.10697115384615384 0.1310096153846154
4 0.21875 0.19471153846153846 0.11057692307692307 0.1346153846153846
9 0.18990384615384615 0.375 0.10216346153846154 0.1466346153846154
11 0.234375 0.5036057692307693 0.09735576923076923 0.13221153846153846
2 0.3125 0.4098557692307692 0.09254807692307693 0.13221153846153846
8 0.4098557692307692 0.4026442307692308 0.09495192307692307 0.12980769230769232
10 0.17427884615384615 0.06971153846153846 0.11298076923076923 0.13942307692307693
8 0.08774038461538461 0.15264423076923078 0.11057692307692307 0.1466346153846154
1 0.036057692307692304 0.26322115384615385 0.07211538461538461 0.1466346153846154
2 0.9375 0.2536057692307692 0.125 0.1466346153846154
2 0.9435096153846154 0.10576923076923077 0.11298076923076923 0.15384615384615385
7 0.21153846153846154 0.8569711538461539 0.09014423076923077 0.1201923076923077
0 0.11658653846153846 0.7019230769230769 0.09134615384615384 0.125
0 0.29927884615384615 0.8173076923076923 0.09134615384615384 0.12379807692307693
7 0.43509615384615385 0.7836538461538461 0.09375 0.12860576923076922
3 0.36177884615384615 0.7175480769230769 0.09254807692307693 0.12860576923076922
10 0.42788461538461536 0.6502403846153846 0.09134615384615384 0.08413461538461539
8 0.34134615384615385 0.6225961538461539 0.09134615384615384 0.028846153846153848
11 0.2764423076923077 0.6682692307692307 0.09134615384615384 0.1201923076923077
9 0.5168269230769231 0.6682692307692307 0.09615384615384616 0.1201923076923077
10 0.5168269230769231 0.8521634615384616 0.09615384615384616 0.12980769230769232
4 0.5877403846153846 0.75 0.08413461538461539 0.12980769230769232
6 0.6141826923076923 0.8641826923076923 0.03125 0.12740384615384615
1 0.5949519230769231 0.6430288461538461 0.06971153846153846 0.06971153846153846
4 0.1971153846153846 0.6430288461538461 0.09615384615384616 0.06971153846153846
6 0.7668269230769231 0.9651442307692307 0.11057692307692307 0.06971153846153846
9 0.6526442307692307 0.8161057692307693 0.04567307692307692 0.09375
9 0.7848557692307693 0.6310096153846154 0.12740384615384615 0.04567307692307692
9 0.7680288461538461 0.890625 0.11177884615384616 0.0829326923076923
3 0.6850961538461539 0.6694711538461539 0.11057692307692307 0.08413461538461539