2 0.2704326923076923 0.03245192307692308 0.1658653846153846 0.06490384615384616
2 0.33052884615384615 0.18990384615384615 0.15144230769230768 0.11177884615384616
2 0.057692307692307696 0.2283653846153846 0.11538461538461539 0.11538461538461539
2 0.04807692307692308 0.35216346153846156 0.09615384615384616 0.11778846153846154
3 0.45552884615384615 0.17668269230769232 0.0889423076923077 0.11778846153846154
11 0.08052884615384616 0.037259615384615384 0.16105769230769232 0.07451923076923077
6 0.3016826923076923 0.30649038461538464 0.16706730769230768 0.1201923076923077
4 0.19230769230769232 0.1141826923076923 0.16105769230769232 0.12259615384615384
5 0.8353365384615384 0.19230769230769232 0.15144230769230768 0.11177884615384616
9 0.7620192307692307 0.29086538461538464 0.14423076923076922 0.12379807692307693
1 0.7259615384615384 0.43990384615384615 0.16346153846153846 0.12980769230769232
3 0.5997596153846154 0.12379807692307693 0.14423076923076922 0.11298076923076923
0 0.8257211538461539 0.5144230769230769 0.17067307692307693 0.0673076923076923
0 0.6766826923076923 0.042067307692307696 0.15144230769230768 0.08413461538461539
9 0.43149038461538464 0.7584134615384616 0.13701923076923078 0.13221153846153846
9 0.39663461538461536 0.9735576923076923 0.20192307692307693 0.052884615384615384
5 0.27163461538461536 0.7908653846153846 0.18389423076923078 0.14302884615384615
6 0.9326923076923077 0.5877403846153846 0.11538461538461539 0.07932692307692307
6 0.8112980769230769 0.671875 0.12259615384615384 0.0889423076923077
9 0.8725961538461539 0.9350961538461539 0.1141826923076923 0.08774038461538461
9 0.9278846153846154 0.671875 0.11538461538461539 0.08653846153846154
7 0.9026442307692307 0.8485576923076923 0.11778846153846154 0.08653846153846154
4 0.8137019230769231 0.5865384615384616 0.11778846153846154 0.07692307692307693
4 0.9194711538461539 0.7584134615384616 0.11538461538461539 0.08533653846153846
0 0.8028846153846154 0.7608173076923077 0.11899038461538461 0.0889423076923077
10 0.7848557692307693 0.8485576923076923 0.11778846153846154 0.08653846153846154
7 0.7548076923076923 0.9375 0.11778846153846154 0.09254807692307693
3 0.6862980769230769 0.7584134615384616 0.12139423076923077 0.08774038461538461
2 0.6911057692307693 0.6706730769230769 0.11899038461538461 0.09134615384615384