3 0.4831730769230769 0.057692307692307696 0.03365384615384615 0.11538461538461539
7 0.3786057692307692 0.24879807692307693 0.12259615384615384 0.15745192307692307
8 0.4567307692307692 0.34375 0.08653846153846154 0.15865384615384615
3 0.7319711538461539 0.109375 0.12980769230769232 0.10096153846153846
6 0.6995192307692307 0.3269230769230769 0.1346153846153846 0.10576923076923077
9 0.7752403846153846 0.390625 0.12740384615384615 0.07451923076923077
11 0.8100961538461539 0.1814903846153846 0.13221153846153846 0.10336538461538461
6 0.11057692307692307 0.4675480769230769 0.11057692307692307 0.07932692307692307
6 0.1658653846153846 0.546875 0.10697115384615384 0.1310096153846154
4 0.25721153846153844 0.625 0.11057692307692307 0.1346153846153846
9 0.22716346153846154 0.4723557692307692 0.10336538461538461 0.0889423076923077
2 0.34975961538461536 0.4519230769230769 0.09375 0.04807692307692308
8 0.44711538461538464 0.4543269230769231 0.09615384615384616 0.052884615384615384
10 0.21394230769230768 0.7512019230769231 0.11177884615384616 0.14302884615384615
8 0.12620192307692307 0.6670673076923077 0.11057692307692307 0.1466346153846154
1 0.057692307692307696 0.5564903846153846 0.10697115384615384 0.1466346153846154
6 0.7704326923076923 0.8461538461538461 0.109375 0.14783653846153846
6 0.8233173076923077 0.9459134615384616 0.10817307692307693 0.10817307692307693
4 0.9158653846153846 0.984375 0.11057692307692307 0.03125
9 0.8870192307692307 0.8557692307692307 0.10216346153846154 0.1466346153846154
11 0.9314903846153846 0.7271634615384616 0.09735576923076923 0.13221153846153846
2 0.9807692307692307 0.8209134615384616 0.038461538461538464 0.13221153846153846
1 0.7151442307692307 0.9471153846153846 0.10817307692307693 0.10576923076923077