10 0.6538461538461539 0.04927884615384615 0.07692307692307693 0.0985576923076923
2 0.5841346153846154 0.02403846153846154 0.07211538461538461 0.04807692307692308
3 0.4891826923076923 0.09254807692307693 0.07692307692307693 0.10697115384615384
3 0.48677884615384615 0.20673076923076922 0.08052884615384616 0.109375
3 0.1622596153846154 0.19230769230769232 0.09615384615384616 0.12740384615384615
3 0.05889423076923077 0.4543269230769231 0.10336538461538461 0.028846153846153848
3 0.5757211538461539 0.4254807692307692 0.08413461538461539 0.08653846153846154
1 0.35216346153846156 0.28966346153846156 0.08774038461538461 0.125
8 0.5 0.390625 0.0829326923076923 0.12980769230769232
6 0.3293269230769231 0.4098557692307692 0.09615384615384616 0.11778846153846154
4 0.140625 0.0625 0.109375 0.125
1 0.9002403846153846 0.15504807692307693 0.12740384615384615 0.10576923076923077
11 0.984375 0.15144230769230768 0.03125 0.10096153846153846
4 0.6598557692307693 0.671875 0.16947115384615385 0.13581730769230768
3 0.4807692307692308 0.6995192307692307 0.1814903846153846 0.14182692307692307
3 0.43149038461538464 0.8653846153846154 0.20192307692307693 0.15865384615384615
3 0.5625 0.9483173076923077 0.21153846153846154 0.10336538461538461
1 0.9278846153846154 0.7247596153846154 0.14423076923076922 0.15625
6 0.921875 0.8846153846153846 0.15625 0.15865384615384615