2 0.08052884615384616 0.38461538461538464 0.14423076923076922 0.18509615384615385
1 0.2980769230769231 0.07211538461538461 0.13942307692307693 0.14423076923076922
0 0.35336538461538464 0.16706730769230768 0.028846153846153848 0.17067307692307693
11 0.515625 0.4411057692307692 0.15745192307692307 0.11899038461538461
9 0.6730769230769231 0.453125 0.15865384615384615 0.11298076923076923
8 0.44350961538461536 0.1814903846153846 0.15144230769230768 0.13221153846153846
2 0.5649038461538461 0.10096153846153846 0.1814903846153846 0.12980769230769232
2 0.32091346153846156 0.6105769230769231 0.09375 0.16346153846153846
7 0.7259615384615384 0.9543269230769231 0.09615384615384616 0.09134615384615384
5 0.8245192307692307 0.8317307692307693 0.08533653846153846 0.12620192307692307
8 0.7307692307692307 0.8449519230769231 0.09495192307692307 0.13581730769230768
8 0.7139423076923077 0.5276442307692307 0.09134615384615384 0.036057692307692304
2 0.8221153846153846 0.7115384615384616 0.09134615384615384 0.1201923076923077
2 0.9555288461538461 0.5973557692307693 0.0889423076923077 0.13701923076923078
4 0.9747596153846154 0.7151442307692307 0.05048076923076923 0.13221153846153846
9 0.7103365384615384 0.6057692307692307 0.09615384615384616 0.12740384615384615