5 0.3798076923076923 0.13942307692307693 0.12980769230769232 0.09975961538461539
9 0.25240384615384615 0.1466346153846154 0.125 0.09975961538461539
9 0.28725961538461536 0.5889423076923077 0.13221153846153846 0.10096153846153846
9 0.5444711538461539 0.6310096153846154 0.14182692307692307 0.036057692307692304
10 0.3581730769230769 0.2920673076923077 0.14182692307692307 0.10697115384615384
10 0.3425480769230769 0.4987980769230769 0.12980769230769232 0.09735576923076923
1 0.17908653846153846 0.3858173076923077 0.1310096153846154 0.09134615384615384
6 0.15745192307692307 0.47716346153846156 0.12379807692307693 0.09495192307692307
1 0.43509615384615385 0.5949519230769231 0.13942307692307693 0.10817307692307693
8 0.46274038461538464 0.359375 0.14423076923076922 0.10817307692307693
11 0.6189903846153846 0.3233173076923077 0.0985576923076923 0.09375
3 0.9459134615384616 0.34975961538461536 0.10817307692307693 0.1658653846153846
11 0.7271634615384616 0.28846153846153844 0.11778846153846154 0.14903846153846154
5 0.6141826923076923 0.6838942307692307 0.10817307692307693 0.06971153846153846
9 0.5084134615384616 0.7331730769230769 0.17668269230769232 0.13701923076923078
11 0.8629807692307693 0.6850961538461539 0.1201923076923077 0.07211538461538461