6 0.1310096153846154 0.22596153846153846 0.12620192307692307 0.09975961538461539
4 0.25721153846153844 0.23798076923076922 0.12259615384615384 0.09615384615384616
9 0.11778846153846154 0.04447115384615385 0.125 0.0889423076923077
7 0.24278846153846154 0.040865384615384616 0.125 0.08173076923076923
2 0.3545673076923077 0.010817307692307692 0.10817307692307693 0.021634615384615384
3 0.5492788461538461 0.19951923076923078 0.1466346153846154 0.10697115384615384
3 0.9771634615384616 0.30288461538461536 0.04567307692307692 0.09134615384615384
2 0.6526442307692307 0.06850961538461539 0.1310096153846154 0.0985576923076923
2 0.8221153846153846 0.07932692307692307 0.12620192307692307 0.09735576923076923
2 0.9543269230769231 0.0673076923076923 0.09134615384615384 0.10096153846153846
1 0.71875 0.32211538461538464 0.125 0.08653846153846154
1 0.8533653846153846 0.33052884615384615 0.12860576923076922 0.0985576923076923
11 0.46634615384615385 0.11658653846153846 0.11538461538461539 0.11298076923076923
11 0.9086538461538461 0.23677884615384615 0.1310096153846154 0.1045673076923077
6 0.7271634615384616 0.23076923076923078 0.12139423076923077 0.09375
5 0.8233173076923077 0.015625 0.12740384615384615 0.03125
11 0.12259615384615384 0.5697115384615384 0.11057692307692307 0.10096153846153846
8 0.23918269230769232 0.59375 0.11298076923076923 0.14903846153846154
1 0.34975961538461536 0.5745192307692307 0.11298076923076923 0.11057692307692307
6 0.48197115384615385 0.8990384615384616 0.109375 0.14783653846153846
6 0.5360576923076923 0.7872596153846154 0.10697115384615384 0.1310096153846154
4 0.6274038461538461 0.7091346153846154 0.11057692307692307 0.1346153846153846
9 0.5985576923076923 0.8894230769230769 0.10216346153846154 0.1466346153846154
11 0.6418269230769231 0.9759615384615384 0.09615384615384616 0.04807692307692308
2 0.7211538461538461 0.9242788461538461 0.09254807692307693 0.13221153846153846
8 0.8185096153846154 0.9170673076923077 0.09495192307692307 0.12980769230769232
10 0.5829326923076923 0.5865384615384616 0.11298076923076923 0.1346153846153846
8 0.4963942307692308 0.6670673076923077 0.11057692307692307 0.1466346153846154
1 0.44471153846153844 0.7776442307692307 0.07211538461538461 0.1466346153846154