9 0.2956730769230769 0.14543269230769232 0.08653846153846154 0.11177884615384616
1 0.38461538461538464 0.14423076923076922 0.08774038461538461 0.11778846153846154
7 0.6550480769230769 0.3161057692307692 0.05048076923076923 0.06490384615384616
2 0.6502403846153846 0.23918269230769232 0.040865384615384616 0.10336538461538461
5 0.7307692307692307 0.23076923076923078 0.07091346153846154 0.09615384615384616
8 0.7379807692307693 0.3125 0.07211538461538461 0.07211538461538461
2 0.6646634615384616 0.11177884615384616 0.06971153846153846 0.0985576923076923
1 0.6538461538461539 0.036057692307692304 0.04807692307692308 0.07211538461538461
6 0.12379807692307693 0.78125 0.1622596153846154 0.11899038461538461
1 0.0625 0.6742788461538461 0.125 0.12259615384615384
3 0.3233173076923077 0.7524038461538461 0.14783653846153846 0.10216346153846154
11 0.34134615384615385 0.6442307692307693 0.14302884615384615 0.10817307692307693
7 0.5504807692307693 0.5252403846153846 0.14423076923076922 0.10817307692307693
6 0.5697115384615384 0.4170673076923077 0.1201923076923077 0.10817307692307693
6 0.24759615384615385 0.36538461538461536 0.14423076923076922 0.03365384615384615
9 0.1466346153846154 0.4855769230769231 0.14182692307692307 0.10576923076923077
5 0.2920673076923077 0.49038461538461536 0.14302884615384615 0.10697115384615384
2 0.8088942307692307 0.7043269230769231 0.15745192307692307 0.11177884615384616
2 0.6814903846153846 0.6754807692307693 0.10336538461538461 0.11538461538461539