7 0.28966346153846156 0.2920673076923077 0.14423076923076922 0.109375
9 0.038461538461538464 0.40384615384615385 0.07692307692307693 0.11057692307692307
6 0.051682692307692304 0.21995192307692307 0.10336538461538461 0.11298076923076923
0 0.056490384615384616 0.040865384615384616 0.11298076923076923 0.08173076923076923
10 0.24158653846153846 0.18870192307692307 0.14543269230769232 0.10336538461538461
9 0.7632211538461539 0.2824519230769231 0.11538461538461539 0.08052884615384616
9 0.6574519230769231 0.20552884615384615 0.11057692307692307 0.07932692307692307
9 0.5336538461538461 0.12139423076923077 0.10697115384615384 0.07932692307692307
1 0.5144230769230769 0.36177884615384615 0.109375 0.0829326923076923
1 0.4423076923076923 0.2920673076923077 0.04807692307692308 0.08413461538461539
10 0.5192307692307693 0.28125 0.10697115384615384 0.08173076923076923
10 0.5504807692307693 0.20072115384615385 0.10697115384615384 0.07932692307692307
8 0.625 0.2824519230769231 0.10817307692307693 0.08533653846153846
4 0.6201923076923077 0.3629807692307692 0.10697115384615384 0.08052884615384616
11 0.875 0.28365384615384615 0.10576923076923077 0.08052884615384616
5 0.6418269230769231 0.12259615384615384 0.11057692307692307 0.078125
11 0.14182692307692307 0.6646634615384616 0.22235576923076922 0.16105769230769232
3 0.3329326923076923 0.6141826923076923 0.17067307692307693 0.18028846153846154
2 0.3329326923076923 0.9338942307692307 0.17067307692307693 0.13221153846153846
6 0.13942307692307693 0.9158653846153846 0.21394230769230768 0.16466346153846154
8 0.4483173076923077 0.9182692307692307 0.06009615384615385 0.1346153846153846
9 0.7067307692307693 0.6899038461538461 0.0985576923076923 0.1346153846153846
6 0.7932692307692307 0.6237980769230769 0.09615384615384616 0.12740384615384615