11 0.056490384615384616 0.203125 0.11177884615384616 0.1466346153846154
8 0.17307692307692307 0.25 0.1141826923076923 0.15144230769230768
6 0.3954326923076923 0.28125 0.11658653846153846 0.15144230769230768
1 0.40024038461538464 0.12980769230769232 0.11778846153846154 0.1466346153846154
1 0.28365384615384615 0.2127403846153846 0.11177884615384616 0.14783653846153846
4 0.2776442307692308 0.07091346153846154 0.11298076923076923 0.14182692307692307
7 0.055288461538461536 0.06370192307692307 0.11057692307692307 0.12740384615384615
2 0.17067307692307693 0.10216346153846154 0.1141826923076923 0.15264423076923078
11 0.4963942307692308 0.27884615384615385 0.055288461538461536 0.09615384615384616
7 0.7139423076923077 0.4206730769230769 0.12259615384615384 0.09014423076923077
7 0.6610576923076923 0.05048076923076923 0.12139423076923077 0.09254807692307693
4 0.4987980769230769 0.16947115384615385 0.06009615384615385 0.07932692307692307
0 0.5012019230769231 0.09014423076923077 0.06490384615384616 0.08413461538461539
0 0.8317307692307693 0.3858173076923077 0.11778846153846154 0.09975961538461539
3 0.5396634615384616 0.35096153846153844 0.12740384615384615 0.10336538461538461
9 0.6105769230769231 0.25240384615384615 0.1201923076923077 0.09134615384615384
6 0.6622596153846154 0.1658653846153846 0.12139423076923077 0.09375
6 0.546875 0.02403846153846154 0.11778846153846154 0.04807692307692308
9 0.2764423076923077 0.9771634615384616 0.23557692307692307 0.04567307692307692