2 0.34375 0.0625 0.14903846153846154 0.125
2 0.6802884615384616 0.025240384615384616 0.1346153846153846 0.05048076923076923
2 0.6802884615384616 0.14182692307692307 0.1310096153846154 0.15865384615384615
5 0.8100961538461539 0.019230769230769232 0.1201923076923077 0.038461538461538464
10 0.8112980769230769 0.1310096153846154 0.12379807692307693 0.16105769230769232
4 0.06850961538461539 0.4326923076923077 0.13701923076923078 0.0673076923076923
4 0.24519230769230768 0.6298076923076923 0.21995192307692307 0.1658653846153846
10 0.24879807692307693 0.4254807692307692 0.21875 0.052884615384615384
1 0.06610576923076923 0.6346153846153846 0.13221153846153846 0.16346153846153846
9 0.08173076923076923 0.875 0.16346153846153846 0.17307692307692307
2 0.27884615384615385 0.8786057692307693 0.22355769230769232 0.17908653846153846
7 0.7067307692307693 0.6694711538461539 0.18629807692307693 0.1502403846153846
5 0.6334134615384616 0.8197115384615384 0.20432692307692307 0.15865384615384615
1 0.8882211538461539 0.7355769230769231 0.18870192307692307 0.15985576923076922