3 0.22596153846153846 0.016826923076923076 0.09615384615384616 0.03365384615384615
3 0.3293269230769231 0.28966346153846156 0.10336538461538461 0.140625
1 0.039663461538461536 0.0673076923076923 0.07932692307692307 0.125
6 0.05889423076923077 0.1935096153846154 0.09735576923076923 0.12620192307692307
0 0.3293269230769231 0.43028846153846156 0.11177884615384616 0.14423076923076922
5 0.5492788461538461 0.11177884615384616 0.2620192307692308 0.21875
4 0.8341346153846154 0.1141826923076923 0.2860576923076923 0.22596153846153846
5 0.5408653846153846 0.3245192307692308 0.24519230769230768 0.19230769230769232
5 0.8100961538461539 0.3293269230769231 0.2848557692307692 0.20432692307692307
1 0.07091346153846154 0.7752403846153846 0.14182692307692307 0.15625
11 0.38221153846153844 0.7776442307692307 0.07211538461538461 0.16105769230769232
6 0.07692307692307693 0.9278846153846154 0.15384615384615385 0.14423076923076922
7 0.5997596153846154 0.8149038461538461 0.1346153846153846 0.10336538461538461
2 0.5588942307692307 0.6370192307692307 0.13221153846153846 0.10096153846153846
3 0.453125 0.6382211538461539 0.06971153846153846 0.0985576923076923
11 0.47596153846153844 0.8173076923076923 0.11538461538461539 0.09615384615384616