3 0.1466346153846154 0.016826923076923076 0.12980769230769232 0.03365384615384615
3 0.44471153846153844 0.1814903846153846 0.11298076923076923 0.08653846153846154
3 0.5865384615384616 0.4651442307692308 0.08653846153846154 0.0889423076923077
3 0.1778846153846154 0.42788461538461536 0.15384615384615385 0.1201923076923077
2 0.3245192307692308 0.38100961538461536 0.12259615384615384 0.10096153846153846
2 0.3016826923076923 0.2848557692307692 0.12139423076923077 0.09735576923076923
8 0.18870192307692307 0.16947115384615385 0.11899038461538461 0.09134615384615384
8 0.07211538461538461 0.34975961538461536 0.14302884615384615 0.11298076923076923
8 0.31009615384615385 0.4675480769230769 0.125 0.08413461538461539
7 0.4519230769230769 0.46274038461538464 0.12980769230769232 0.09375
9 0.45552884615384615 0.3701923076923077 0.12860576923076922 0.09615384615384616
9 0.17908653846153846 0.2620192307692308 0.12379807692307693 0.08653846153846154
4 0.4483173076923077 0.27283653846153844 0.12980769230769232 0.09495192307692307
5 0.3161057692307692 0.19230769230769232 0.11899038461538461 0.09014423076923077
6 0.06610576923076923 0.11538461538461539 0.11177884615384616 0.09134615384615384
11 0.19831730769230768 0.0733173076923077 0.12620192307692307 0.09615384615384616
0 0.9855769230769231 0.3329326923076923 0.028846153846153848 0.07932692307692307
7 0.039663461538461536 0.8209134615384616 0.07932692307692307 0.14182692307692307
9 0.17067307692307693 0.8185096153846154 0.17427884615384615 0.13822115384615385
3 0.19110576923076922 0.6742788461538461 0.19951923076923078 0.15384615384615385
11 0.2956730769230769 0.5661057692307693 0.19230769230769232 0.11298076923076923
7 0.6935096153846154 0.6237980769230769 0.12740384615384615 0.12259615384615384
2 0.9338942307692307 0.5612980769230769 0.13221153846153846 0.10336538461538461
10 0.890625 0.6706730769230769 0.15264423076923078 0.1201923076923077