8 0.23197115384615385 0.042067307692307696 0.15625 0.08413461538461539
5 0.3545673076923077 0.055288461538461536 0.0889423076923077 0.11057692307692307
8 0.5625 0.21995192307692307 0.09134615384615384 0.13221153846153846
6 0.46875 0.2848557692307692 0.10576923076923077 0.13942307692307693
2 0.6706730769230769 0.02403846153846154 0.09134615384615384 0.04807692307692308
2 0.8064903846153846 0.10096153846153846 0.09014423076923077 0.13701923076923078
4 0.8425480769230769 0.02403846153846154 0.0889423076923077 0.04807692307692308
9 0.5588942307692307 0.09375 0.09615384615384616 0.12740384615384615
7 0.021634615384615384 0.43028846153846156 0.04326923076923077 0.10096153846153846
7 0.04326923076923077 0.9795673076923077 0.08653846153846154 0.040865384615384616
10 0.019230769230769232 0.53125 0.038461538461538464 0.10576923076923077
4 0.055288461538461536 0.6322115384615384 0.11057692307692307 0.10096153846153846
2 0.02283653846153846 0.8341346153846154 0.04567307692307692 0.10096153846153846
9 0.5300480769230769 0.59375 0.07692307692307693 0.09975961538461539
7 0.5841346153846154 0.6586538461538461 0.07572115384615384 0.09735576923076923
7 0.6490384615384616 0.6850961538461539 0.07211538461538461 0.10336538461538461
6 0.5973557692307693 0.7620192307692307 0.0733173076923077 0.0985576923076923
8 0.6502403846153846 0.5709134615384616 0.07572115384615384 0.09134615384615384
5 0.71875 0.6105769230769231 0.06610576923076923 0.09975961538461539
7 0.7512019230769231 0.7632211538461539 0.06971153846153846 0.09615384615384616
0 0.8197115384615384 0.8028846153846154 0.06971153846153846 0.09975961538461539
6 0.7451923076923077 0.8629807692307693 0.07091346153846154 0.09375
4 0.8149038461538461 0.8966346153846154 0.06971153846153846 0.10336538461538461
10 0.8221153846153846 0.6262019230769231 0.06850961538461539 0.09495192307692307
8 0.8485576923076923 0.5384615384615384 0.06850961538461539 0.09495192307692307
11 0.9230769230769231 0.5576923076923077 0.07451923076923077 0.09254807692307693
9 0.9014423076923077 0.6490384615384616 0.0733173076923077 0.09615384615384616
5 0.6622596153846154 0.9362980769230769 0.07091346153846154 0.09254807692307693
9 0.5961538461538461 0.9411057692307693 0.06490384615384616 0.09375