2 0.027644230769230768 0.08774038461538461 0.055288461538461536 0.12740384615384615
3 0.30649038461538464 0.016826923076923076 0.19951923076923078 0.03365384615384615
1 0.19591346153846154 0.26322115384615385 0.15504807692307693 0.10336538461538461
0 0.057692307692307696 0.25961538461538464 0.11538461538461539 0.10576923076923077
10 0.3473557692307692 0.2127403846153846 0.12259615384615384 0.12259615384615384
9 0.265625 0.09735576923076923 0.17307692307692307 0.12740384615384615
11 0.4543269230769231 0.39302884615384615 0.09134615384615384 0.0985576923076923
9 0.5504807692307693 0.48677884615384615 0.11778846153846154 0.0829326923076923
9 0.6682692307692307 0.4831730769230769 0.11298076923076923 0.09134615384615384
9 0.7596153846153846 0.30649038461538464 0.11778846153846154 0.09014423076923077
9 0.5024038461538461 0.203125 0.1310096153846154 0.08653846153846154
7 0.43149038461538464 0.30528846153846156 0.04567307692307692 0.09615384615384616
11 0.6778846153846154 0.39663461538461536 0.11778846153846154 0.08533653846153846
7 0.6418269230769231 0.30649038461538464 0.1141826923076923 0.08653846153846154
6 0.5240384615384616 0.2932692307692308 0.11177884615384616 0.09495192307692307
5 0.5588942307692307 0.3954326923076923 0.1201923076923077 0.08653846153846154
10 0.5769230769230769 0.10336538461538461 0.12139423076923077 0.08774038461538461
8 0.46153846153846156 0.11778846153846154 0.10576923076923077 0.10576923076923077
0 0.15985576923076922 0.7740384615384616 0.11538461538461539 0.07451923076923077
0 0.14783653846153846 0.6971153846153846 0.125 0.08052884615384616
4 0.29086538461538464 0.953125 0.0985576923076923 0.0625
5 0.2776442307692308 0.7752403846153846 0.1141826923076923 0.06971153846153846
6 0.042067307692307696 0.6790865384615384 0.08413461538461539 0.08413461538461539
6 0.11899038461538461 0.953125 0.09975961538461539 0.06009615384615385
7 0.3737980769230769 0.9495192307692307 0.06971153846153846 0.0625
8 0.046875 0.8653846153846154 0.09375 0.0625
9 0.375 0.6923076923076923 0.0673076923076923 0.07692307692307693
9 0.3713942307692308 0.7668269230769231 0.07451923076923077 0.07211538461538461
9 0.27884615384615385 0.7007211538461539 0.11298076923076923 0.07572115384615384
9 0.25600961538461536 0.8461538461538461 0.10817307692307693 0.0673076923076923
9 0.04927884615384615 0.7728365384615384 0.0985576923076923 0.06971153846153846
11 0.36538461538461536 0.8401442307692307 0.08653846153846154 0.06490384615384616
2 0.35697115384615385 0.6298076923076923 0.10336538461538461 0.04326923076923077
2 0.19471153846153846 0.6310096153846154 0.11538461538461539 0.04567307692307692
2 0.06610576923076923 0.6213942307692307 0.12740384615384615 0.026442307692307692
2 0.03365384615384615 0.9567307692307693 0.0673076923076923 0.057692307692307696
0 0.6574519230769231 0.6274038461538461 0.10336538461538461 0.038461538461538464
3 0.6850961538461539 0.7115384615384616 0.0985576923076923 0.140625
2 0.9543269230769231 0.6310096153846154 0.08653846153846154 0.04567307692307692
2 0.9375 0.84375 0.10096153846153846 0.14423076923076922
10 0.8461538461538461 0.7788461538461539 0.11177884615384616 0.1346153846153846
9 0.5805288461538461 0.7860576923076923 0.1141826923076923 0.1502403846153846
1 0.5372596153846154 0.6646634615384616 0.11778846153846154 0.11298076923076923