7 0.056490384615384616 0.36538461538461536 0.11298076923076923 0.10576923076923077
10 0.054086538461538464 0.2620192307692308 0.10817307692307693 0.10576923076923077
0 0.02283653846153846 0.15745192307692307 0.04567307692307692 0.0985576923076923
4 0.11298076923076923 0.1622596153846154 0.1346153846153846 0.10096153846153846
9 0.7992788461538461 0.4735576923076923 0.12259615384615384 0.12980769230769232
9 0.9759615384615384 0.1658653846153846 0.04807692307692308 0.14903846153846154
7 0.7848557692307693 0.3317307692307692 0.12259615384615384 0.1622596153846154
1 0.890625 0.15985576923076922 0.11538461538461539 0.14783653846153846
2 0.8413461538461539 0.038461538461538464 0.13942307692307693 0.07692307692307693
3 0.28966346153846156 0.5889423076923077 0.0889423076923077 0.10096153846153846
2 0.3076923076923077 0.7091346153846154 0.08653846153846154 0.12620192307692307
8 0.2247596153846154 0.6658653846153846 0.09134615384615384 0.11899038461538461
8 0.2127403846153846 0.5637019230769231 0.08413461538461539 0.05048076923076923
9 0.03365384615384615 0.5865384615384616 0.0673076923076923 0.09615384615384616
5 0.11298076923076923 0.5721153846153846 0.09134615384615384 0.0673076923076923
3 0.8149038461538461 0.9591346153846154 0.0673076923076923 0.08173076923076923
9 0.7980769230769231 0.6826923076923077 0.07091346153846154 0.10576923076923077
2 0.6694711538461539 0.9747596153846154 0.06971153846153846 0.05048076923076923
8 0.7247596153846154 0.6899038461538461 0.08052884615384616 0.1141826923076923