6 0.33413461538461536 0.41466346153846156 0.11538461538461539 0.1466346153846154
1 0.33052884615384615 0.2668269230769231 0.11778846153846154 0.1466346153846154
1 0.40865384615384615 0.3485576923076923 0.038461538461538464 0.14903846153846154
4 0.4110576923076923 0.20072115384615385 0.03365384615384615 0.15625
9 0.6526442307692307 0.38100961538461536 0.06971153846153846 0.09975961538461539
11 0.6141826923076923 0.30649038461538464 0.06971153846153846 0.0889423076923077
9 0.4723557692307692 0.33653846153846156 0.06370192307692307 0.09014423076923077
7 0.49399038461538464 0.25600961538461536 0.0673076923076923 0.09134615384615384
7 0.2439903846153846 0.5588942307692307 0.18629807692307693 0.14182692307692307
9 0.0733173076923077 0.5600961538461539 0.1466346153846154 0.13942307692307693
3 0.06971153846153846 0.7043269230769231 0.13942307692307693 0.15384615384615385
3 0.8461538461538461 0.7836538461538461 0.12980769230769232 0.0889423076923077
3 0.5480769230769231 0.5925480769230769 0.11298076923076923 0.08653846153846154
2 0.6899038461538461 0.5120192307692307 0.1201923076923077 0.04807692307692308
8 0.8040865384615384 0.6045673076923077 0.11899038461538461 0.09134615384615384
9 0.8125 0.5216346153846154 0.125 0.0673076923076923
4 0.5432692307692307 0.5180288461538461 0.12980769230769232 0.06009615384615385
5 0.6766826923076923 0.5817307692307693 0.11899038461538461 0.09014423076923077
6 0.9266826923076923 0.6586538461538461 0.11177884615384616 0.09134615384615384
11 0.7944711538461539 0.7007211538461539 0.12620192307692307 0.09615384615384616