0 0.23076923076923078 0.14182692307692307 0.10336538461538461 0.13942307692307693
3 0.25600961538461536 0.038461538461538464 0.0985576923076923 0.07692307692307693
3 0.4098557692307692 0.18389423076923078 0.09495192307692307 0.13942307692307693
2 0.5060096153846154 0.12740384615384615 0.04567307692307692 0.12980769230769232
9 0.39302884615384615 0.31850961538461536 0.09975961538461539 0.12740384615384615
1 0.109375 0.07451923076923077 0.11778846153846154 0.14903846153846154
5 0.6694711538461539 0.171875 0.2608173076923077 0.1935096153846154
11 0.6598557692307693 0.36899038461538464 0.2620192307692308 0.19471153846153846
7 0.24278846153846154 0.5997596153846154 0.18629807692307693 0.1502403846153846
5 0.16947115384615385 0.75 0.20432692307692307 0.15865384615384615
1 0.42427884615384615 0.6658653846153846 0.18870192307692307 0.15985576923076922
5 0.8112980769230769 0.8509615384615384 0.2692307692307692 0.203125
1 0.8161057692307693 0.9771634615384616 0.2668269230769231 0.04567307692307692