10 0.4014423076923077 0.2932692307692308 0.16105769230769232 0.1201923076923077
3 0.234375 0.14783653846153846 0.15745192307692307 0.11658653846153846
3 0.07211538461538461 0.3245192307692308 0.14423076923076922 0.10576923076923077
4 0.22115384615384615 0.28125 0.17307692307692307 0.1201923076923077
9 0.06370192307692307 0.19591346153846154 0.12740384615384615 0.12259615384615384
0 0.22596153846153846 0.04326923076923077 0.16346153846153846 0.08653846153846154
2 0.4098557692307692 0.17307692307692307 0.1658653846153846 0.125
5 0.7608173076923077 0.27163461538461536 0.15144230769230768 0.11177884615384616
9 0.6875 0.17307692307692307 0.14423076923076922 0.12379807692307693
1 0.6514423076923077 0.04447115384615385 0.16346153846153846 0.0889423076923077
0 0.6237980769230769 0.4266826923076923 0.10817307692307693 0.0985576923076923
10 0.40384615384615385 0.6995192307692307 0.10216346153846154 0.14182692307692307
9 0.4519230769230769 0.5973557692307693 0.10096153846153846 0.0985576923076923
4 0.2692307692307692 0.7932692307692307 0.09495192307692307 0.12980769230769232
0 0.28365384615384615 0.6682692307692307 0.09615384615384616 0.125
6 0.16105769230769232 0.7884615384615384 0.09375 0.12740384615384615
1 0.06850961538461539 0.78125 0.0889423076923077 0.12980769230769232
1 0.7620192307692307 0.6057692307692307 0.15865384615384615 0.11538461538461539
6 0.6237980769230769 0.6057692307692307 0.10817307692307693 0.11538461538461539