7 0.8834134615384616 0.35216346153846156 0.140625 0.10697115384615384
4 0.3942307692307692 0.4206730769230769 0.09134615384615384 0.10576923076923077
9 0.8112980769230769 0.4483173076923077 0.14423076923076922 0.10697115384615384
2 0.5 0.4543269230769231 0.1310096153846154 0.09495192307692307
3 0.4807692307692308 0.9567307692307693 0.09134615384615384 0.08653846153846154
10 0.5492788461538461 0.8930288461538461 0.09254807692307693 0.12620192307692307
8 0.46274038461538464 0.8401442307692307 0.09254807692307693 0.12139423076923077
11 0.39783653846153844 0.9302884615384616 0.09134615384615384 0.12259615384615384
9 0.5697115384615384 0.7692307692307693 0.08653846153846154 0.11538461538461539
9 0.6382211538461539 0.9278846153846154 0.09615384615384616 0.12740384615384615
4 0.7151442307692307 0.9735576923076923 0.0985576923076923 0.052884615384615384
1 0.7271634615384616 0.8798076923076923 0.09254807692307693 0.12379807692307693
5 0.6598557692307693 0.7860576923076923 0.09254807692307693 0.11538461538461539