7 0.46634615384615385 0.3954326923076923 0.17067307692307693 0.1201923076923077
6 0.3004807692307692 0.3894230769230769 0.15745192307692307 0.12259615384615384
4 0.8966346153846154 0.08052884615384616 0.10096153846153846 0.1502403846153846
3 0.7932692307692307 0.15264423076923078 0.11057692307692307 0.15504807692307693
9 0.6983173076923077 0.17668269230769232 0.06009615384615385 0.13221153846153846
10 0.45072115384615385 0.6430288461538461 0.09375 0.05048076923076923
6 0.45552884615384615 0.7307692307692307 0.10697115384615384 0.14783653846153846
7 0.38221153846153844 0.8461538461538461 0.109375 0.15504807692307693
5 0.6189903846153846 0.6766826923076923 0.0985576923076923 0.11778846153846154
10 0.9350961538461539 0.8689903846153846 0.12980769230769232 0.12740384615384615
5 0.9314903846153846 0.7007211538461539 0.13701923076923078 0.12259615384615384
6 0.9735576923076923 0.9519230769230769 0.052884615384615384 0.09615384615384616