11 0.6694711538461539 0.3762019230769231 0.07932692307692307 0.11778846153846154
7 0.28725961538461536 0.3233173076923077 0.14423076923076922 0.109375
7 0.6478365384615384 0.171875 0.12259615384615384 0.11778846153846154
9 0.578125 0.4362980769230769 0.15745192307692307 0.11177884615384616
6 0.546875 0.25240384615384615 0.1502403846153846 0.11298076923076923
4 0.41947115384615385 0.021634615384615384 0.15625 0.04326923076923077
0 0.5408653846153846 0.06009615384615385 0.15625 0.10817307692307693
10 0.33533653846153844 0.21995192307692307 0.14543269230769232 0.10336538461538461
2 0.9771634615384616 0.44591346153846156 0.04567307692307692 0.1466346153846154
2 0.96875 0.2980769230769231 0.0625 0.15384615384615385
8 0.4987980769230769 0.8533653846153846 0.13221153846153846 0.1658653846153846
9 0.3762019230769231 0.8497596153846154 0.11658653846153846 0.17067307692307693
2 0.03245192307692308 0.6105769230769231 0.06490384615384616 0.16346153846153846
2 0.5012019230769231 0.5600961538461539 0.13221153846153846 0.0625
8 0.9735576923076923 0.8269230769230769 0.052884615384615384 0.10576923076923077