6 0.1875 0.4795673076923077 0.11057692307692307 0.11778846153846154
6 0.24278846153846154 0.38341346153846156 0.10697115384615384 0.1310096153846154
4 0.33413461538461536 0.30528846153846156 0.11057692307692307 0.1346153846153846
9 0.30408653846153844 0.47475961538461536 0.10336538461538461 0.12740384615384615
2 0.42427884615384615 0.4963942307692308 0.0889423076923077 0.08413461538461539
10 0.29086538461538464 0.17908653846153846 0.11177884615384616 0.14302884615384615
8 0.203125 0.26322115384615385 0.11057692307692307 0.1466346153846154
1 0.1346153846153846 0.3737980769230769 0.10697115384615384 0.1466346153846154
3 0.8629807692307693 0.5276442307692307 0.125 0.021634615384615384
1 0.6706730769230769 0.5120192307692307 0.14423076923076922 0.052884615384615384
1 0.8245192307692307 0.43509615384615385 0.15384615384615385 0.10817307692307693
11 0.7379807692307693 0.34134615384615385 0.15384615384615385 0.125
9 0.9326923076923077 0.2848557692307692 0.1346153846153846 0.11778846153846154
6 0.5444711538461539 0.4807692307692308 0.15144230769230768 0.11057692307692307
7 0.6418269230769231 0.24278846153846154 0.15504807692307693 0.11778846153846154
10 0.7668269230769231 0.171875 0.16105769230769232 0.12740384615384615
5 0.9771634615384616 0.1814903846153846 0.04567307692307692 0.12740384615384615
3 0.265625 0.9819711538461539 0.21394230769230768 0.036057692307692304
9 0.6586538461538461 0.8329326923076923 0.10096153846153846 0.15264423076923078
11 0.6081730769230769 0.7091346153846154 0.10817307692307693 0.1502403846153846
2 0.8786057692307693 0.9350961538461539 0.10336538461538461 0.12980769230769232
1 0.7211538461538461 0.7019230769230769 0.10336538461538461 0.1502403846153846
1 0.7704326923076923 0.8293269230769231 0.11057692307692307 0.14423076923076922
8 0.8834134615384616 0.8076923076923077 0.10096153846153846 0.13822115384615385
7 0.8269230769230769 0.6622596153846154 0.10096153846153846 0.12740384615384615
10 0.9314903846153846 0.6766826923076923 0.10216346153846154 0.140625
11 0.9266826923076923 0.5697115384615384 0.11298076923076923 0.0625
9 0.7139423076923077 0.5817307692307693 0.09615384615384616 0.08653846153846154
7 0.6141826923076923 0.5829326923076923 0.0985576923076923 0.0889423076923077