6 0.11899038461538461 0.06129807692307692 0.0829326923076923 0.11899038461538461
7 0.09014423076923077 0.1935096153846154 0.08052884615384616 0.1045673076923077
6 0.16105769230769232 0.24759615384615385 0.078125 0.1045673076923077
2 0.17668269230769232 0.13942307692307693 0.08533653846153846 0.11778846153846154
3 0.2403846153846154 0.203125 0.08653846153846154 0.10697115384615384
7 0.1466346153846154 0.33774038461538464 0.08052884615384616 0.109375
11 0.10817307692307693 0.42788461538461536 0.07932692307692307 0.11057692307692307
10 0.07211538461538461 0.30288461538461536 0.07932692307692307 0.09735576923076923
9 0.021634615384615384 0.2536057692307692 0.04326923076923077 0.10817307692307693
1 0.5372596153846154 0.19951923076923078 0.07451923076923077 0.09615384615384616
6 0.5324519230769231 0.2932692307692308 0.06490384615384616 0.10096153846153846
10 0.6706730769230769 0.16346153846153846 0.1201923076923077 0.09975961538461539
7 0.7908653846153846 0.1658653846153846 0.11899038461538461 0.09375
4 0.5865384615384616 0.47716346153846156 0.13822115384615385 0.1045673076923077
9 0.9759615384615384 0.4495192307692308 0.04807692307692308 0.10576923076923077
2 0.7139423076923077 0.44471153846153844 0.1310096153846154 0.09495192307692307
2 0.9639423076923077 0.2283653846153846 0.07211538461538461 0.11057692307692307
0 0.22596153846153846 0.7788461538461539 0.08653846153846154 0.1201923076923077
7 0.23918269230769232 0.8966346153846154 0.09134615384615384 0.12740384615384615
1 0.2860576923076923 0.96875 0.09615384615384616 0.0625
4 0.35697115384615385 0.9194711538461539 0.09735576923076923 0.11057692307692307
0 0.31850961538461536 0.8245192307692307 0.09375 0.11538461538461539
4 0.30649038461538464 0.7103365384615384 0.09134615384615384 0.12259615384615384
9 0.40865384615384615 0.6995192307692307 0.08052884615384616 0.11177884615384616
1 0.4074519230769231 0.8100961538461539 0.08052884615384616 0.10697115384615384
7 0.44711538461538464 0.9194711538461539 0.08173076923076923 0.11057692307692307
7 0.5204326923076923 0.9399038461538461 0.040865384615384616 0.1201923076923077
8 0.8353365384615384 0.8918269230769231 0.10697115384615384 0.13822115384615385
5 0.8990384615384616 0.96875 0.10096153846153846 0.0625