1 0.4483173076923077 0.37259615384615385 0.10817307692307693 0.07211538461538461
0 0.5552884615384616 0.3762019230769231 0.10096153846153846 0.06490384615384616
8 0.28365384615384615 0.14423076923076922 0.13701923076923078 0.17668269230769232
2 0.38100961538461536 0.24879807692307693 0.12379807692307693 0.17427884615384615
8 0.6310096153846154 0.2512019230769231 0.09375 0.1466346153846154
9 0.5360576923076923 0.1935096153846154 0.11057692307692307 0.13822115384615385
3 0.6442307692307693 0.11177884615384616 0.0673076923076923 0.13701923076923078
3 0.5721153846153846 0.06370192307692307 0.10096153846153846 0.12740384615384615
11 0.9543269230769231 0.3389423076923077 0.09134615384615384 0.10576923076923077
1 0.9278846153846154 0.23557692307692307 0.14423076923076922 0.1201923076923077
7 0.5504807692307693 0.9711538461538461 0.08653846153846154 0.057692307692307696
10 0.5228365384615384 0.8894230769230769 0.09014423076923077 0.1201923076923077
3 0.4266826923076923 0.8197115384615384 0.08774038461538461 0.11778846153846154
11 0.5096153846153846 0.7848557692307693 0.0889423076923077 0.12259615384615384
5 0.4519230769230769 0.6983173076923077 0.08774038461538461 0.11778846153846154
9 0.5372596153846154 0.6574519230769231 0.08653846153846154 0.1201923076923077
4 0.5961538461538461 0.7632211538461539 0.09254807692307693 0.13822115384615385
6 0.6550480769230769 0.8209134615384616 0.04567307692307692 0.12259615384615384
1 0.36899038461538464 0.7175480769230769 0.08052884615384616 0.11057692307692307
9 0.35096153846153844 0.6045673076923077 0.0829326923076923 0.11538461538461539
0 0.22235576923076922 0.7872596153846154 0.08533653846153846 0.11899038461538461
4 0.2644230769230769 0.6802884615384616 0.08533653846153846 0.12379807692307693
0 0.75 0.6153846153846154 0.14423076923076922 0.25961538461538464
0 0.8461538461538461 0.47836538461538464 0.3076923076923077 0.13942307692307693
6 0.9098557692307693 0.7355769230769231 0.18028846153846154 0.23076923076923078