1 0.5612980769230769 0.09975961538461539 0.09375 0.15144230769230768
1 0.5168269230769231 0.02283653846153846 0.11057692307692307 0.04567307692307692
8 0.40384615384615385 0.03125 0.10096153846153846 0.0625
7 0.46153846153846156 0.140625 0.10096153846153846 0.12740384615384615
10 0.35697115384615385 0.12620192307692307 0.10216346153846154 0.140625
11 0.3605769230769231 0.28125 0.11177884615384616 0.15985576923076922
7 0.4579326923076923 0.3485576923076923 0.11177884615384616 0.14423076923076922
9 0.5661057692307693 0.2439903846153846 0.08413461538461539 0.13221153846153846
3 0.6935096153846154 0.025240384615384616 0.17067307692307693 0.05048076923076923
9 0.16826923076923078 0.6394230769230769 0.0985576923076923 0.1346153846153846
6 0.08173076923076923 0.7055288461538461 0.09615384615384616 0.12740384615384615
8 0.9735576923076923 0.5961538461538461 0.052884615384615384 0.10576923076923077
2 0.8329326923076923 0.6274038461538461 0.13942307692307693 0.10697115384615384
2 0.9362980769230769 0.6862980769230769 0.12740384615384615 0.10817307692307693
7 0.9615384615384616 0.9627403846153846 0.07692307692307693 0.07451923076923077
5 0.8966346153846154 0.5408653846153846 0.1310096153846154 0.10096153846153846