3 0.08413461538461539 0.6454326923076923 0.12860576923076922 0.09014423076923077
3 0.6213942307692307 0.2668269230769231 0.11298076923076923 0.125
4 0.09014423076923077 0.5396634615384616 0.13822115384615385 0.10697115384615384
0 0.4338942307692308 0.42427884615384615 0.13701923076923078 0.10697115384615384
1 0.2512019230769231 0.37259615384615385 0.13701923076923078 0.10336538461538461
1 0.4519230769230769 0.31850961538461536 0.13701923076923078 0.11778846153846154
9 0.5576923076923077 0.1658653846153846 0.16105769230769232 0.13221153846153846
9 0.109375 0.3557692307692308 0.14783653846153846 0.10576923076923077
0 0.7716346153846154 0.3870192307692308 0.10336538461538461 0.13942307692307693
3 0.7980769230769231 0.5216346153846154 0.0985576923076923 0.140625
3 0.9507211538461539 0.3449519230769231 0.09495192307692307 0.13942307692307693
10 0.9507211538461539 0.5889423076923077 0.0985576923076923 0.1346153846153846
9 0.9338942307692307 0.21033653846153846 0.09975961538461539 0.12740384615384615
9 0.7139423076923077 0.5949519230769231 0.07211538461538461 0.15144230769230768
1 0.6935096153846154 0.45552884615384615 0.03125 0.15144230769230768