3 0.10576923076923077 0.390625 0.15384615384615385 0.036057692307692304
2 0.27163461538461536 0.23557692307692307 0.13221153846153846 0.09375
1 0.4362980769230769 0.3629807692307692 0.04567307692307692 0.09134615384615384
0 0.4387019230769231 0.26322115384615385 0.040865384615384616 0.09375
4 0.28846153846153844 0.33413461538461536 0.13822115384615385 0.10216346153846154
5 0.5384615384615384 0.14543269230769232 0.13822115384615385 0.12139423076923077
7 0.7896634615384616 0.03245192307692308 0.13701923076923078 0.06490384615384616
0 0.8052884615384616 0.1141826923076923 0.13822115384615385 0.10216346153846154
9 0.6057692307692307 0.24278846153846154 0.14182692307692307 0.10697115384615384
0 0.039663461538461536 0.5865384615384616 0.07932692307692307 0.13942307692307693
3 0.054086538461538464 0.4651442307692308 0.0985576923076923 0.11298076923076923
3 0.20793269230769232 0.6286057692307693 0.09495192307692307 0.13942307692307693
2 0.32572115384615385 0.5733173076923077 0.08533653846153846 0.12980769230769232
2 0.4110576923076923 0.5961538461538461 0.09014423076923077 0.11899038461538461
10 0.21514423076923078 0.43028846153846156 0.11298076923076923 0.04326923076923077
9 0.19110576923076922 0.7632211538461539 0.09975961538461539 0.12740384615384615
11 0.6153846153846154 0.59375 0.12139423076923077 0.09254807692307693
11 0.6442307692307693 0.8545673076923077 0.11538461538461539 0.09375
8 0.875 0.6887019230769231 0.11538461538461539 0.08533653846153846
2 0.9627403846153846 0.7151442307692307 0.07451923076923077 0.08413461538461539
7 0.703125 0.9290865384615384 0.11298076923076923 0.09134615384615384
9 0.6935096153846154 0.6622596153846154 0.12620192307692307 0.09615384615384616