1 0.49759615384615385 0.27884615384615385 0.1310096153846154 0.0985576923076923
6 0.11778846153846154 0.28966346153846156 0.1346153846153846 0.07932692307692307
6 0.4182692307692308 0.20432692307692307 0.13701923076923078 0.10216346153846154
9 0.051682692307692304 0.22355769230769232 0.10336538461538461 0.10096153846153846
7 0.8040865384615384 0.0673076923076923 0.2956730769230769 0.1346153846153846
10 0.5721153846153846 0.7524038461538461 0.052884615384615384 0.10576923076923077
3 0.4254807692307692 0.7512019230769231 0.12740384615384615 0.09735576923076923
3 0.4519230769230769 0.8485576923076923 0.13822115384615385 0.09254807692307693
3 0.45913461538461536 0.5204326923076923 0.15504807692307693 0.12860576923076922
2 0.22716346153846154 0.6754807692307693 0.15504807692307693 0.11538461538461539
2 0.5168269230769231 0.3786057692307692 0.16346153846153846 0.0985576923076923
8 0.12139423076923077 0.5901442307692307 0.15504807692307693 0.11778846153846154
8 0.5348557692307693 0.6141826923076923 0.12740384615384615 0.11778846153846154
8 0.5540865384615384 0.4639423076923077 0.0889423076923077 0.11057692307692307
11 0.8233173076923077 0.7091346153846154 0.125 0.09975961538461539
9 0.7115384615384616 0.8016826923076923 0.11778846153846154 0.0829326923076923
9 0.6237980769230769 0.7980769230769231 0.05048076923076923 0.09134615384615384
9 0.7596153846153846 0.5180288461538461 0.1310096153846154 0.08653846153846154
7 0.8701923076923077 0.6213942307692307 0.12620192307692307 0.09495192307692307
7 0.9447115384615384 0.3737980769230769 0.11057692307692307 0.0889423076923077
11 0.6201923076923077 0.7103365384615384 0.04326923076923077 0.08413461538461539
7 0.6370192307692307 0.6201923076923077 0.07692307692307693 0.08653846153846154
6 0.7379807692307693 0.6081730769230769 0.11177884615384616 0.09495192307692307
5 0.703125 0.7103365384615384 0.1201923076923077 0.08653846153846154
10 0.6850961538461539 0.4182692307692308 0.12139423076923077 0.08774038461538461
0 0.9146634615384616 0.46153846153846156 0.12139423076923077 0.09975961538461539
8 0.8052884615384616 0.4338942307692308 0.11778846153846154 0.1045673076923077