3 0.25961538461538464 0.02283653846153846 0.11057692307692307 0.04567307692307692
10 0.3798076923076923 0.09134615384615384 0.11899038461538461 0.15504807692307693
10 0.484375 0.24759615384615385 0.10817307692307693 0.1778846153846154
1 0.23918269230769232 0.13822115384615385 0.10817307692307693 0.13942307692307693
11 0.1310096153846154 0.13822115384615385 0.10697115384615384 0.1346153846153846
9 0.042067307692307696 0.25 0.08413461538461539 0.15384615384615385
6 0.41947115384615385 0.3762019230769231 0.11778846153846154 0.16947115384615385
2 0.33653846153846156 0.23677884615384615 0.11298076923076923 0.15504807692307693
0 0.15264423076923078 0.021634615384615384 0.10817307692307693 0.04326923076923077
3 0.9519230769230769 0.0733173076923077 0.09615384615384616 0.14182692307692307
11 0.8942307692307693 0.19110576923076922 0.19110576923076922 0.16105769230769232
1 0.6153846153846154 0.11538461538461539 0.15384615384615385 0.14423076923076922
11 0.23557692307692307 0.5024038461538461 0.12980769230769232 0.028846153846153848
7 0.04807692307692308 0.6959134615384616 0.09615384615384616 0.09375
7 0.4338942307692308 0.5745192307692307 0.13221153846153846 0.09615384615384616
4 0.22115384615384615 0.5769230769230769 0.10817307692307693 0.08052884615384616
0 0.21875 0.6574519230769231 0.11177884615384616 0.08413461538461539
10 0.3425480769230769 0.6358173076923077 0.12620192307692307 0.09615384615384616
9 0.08653846153846154 0.5144230769230769 0.1201923076923077 0.052884615384615384
6 0.046875 0.5805288461538461 0.09375 0.09375
6 0.14903846153846154 0.7439903846153846 0.11778846153846154 0.09254807692307693
7 0.7211538461538461 0.5540865384615384 0.15865384615384615 0.13221153846153846
8 0.5889423076923077 0.5288461538461539 0.10096153846153846 0.08173076923076923