0 0.2668269230769231 0.26322115384615385 0.13341346153846154 0.16346153846153846
3 0.39302884615384615 0.2776442307692308 0.12259615384615384 0.1658653846153846
7 0.7920673076923077 0.2980769230769231 0.08413461538461539 0.109375
6 0.8617788461538461 0.2247596153846154 0.0829326923076923 0.11298076923076923
7 0.9699519230769231 0.19230769230769232 0.06009615384615385 0.10576923076923077
3 0.06490384615384616 0.9447115384615384 0.12980769230769232 0.11057692307692307
8 0.18629807692307693 0.8846153846153846 0.17548076923076922 0.12259615384615384
6 0.38100961538461536 0.8954326923076923 0.1502403846153846 0.10817307692307693
7 0.08173076923076923 0.6117788461538461 0.16346153846153846 0.13701923076923078
7 0.21995192307692307 0.5252403846153846 0.18509615384615385 0.13221153846153846
9 0.23557692307692307 0.6814903846153846 0.19230769230769232 0.1346153846153846
1 0.38221153846153844 0.5925480769230769 0.19110576923076922 0.15384615384615385
2 0.359375 0.7848557692307693 0.1466346153846154 0.11658653846153846
9 0.8197115384615384 0.8966346153846154 0.1814903846153846 0.13221153846153846
9 0.8762019230769231 0.6346153846153846 0.20072115384615385 0.14903846153846154
5 0.9543269230769231 0.8641826923076923 0.09134615384615384 0.14182692307692307
8 0.7848557692307693 0.5240384615384616 0.17067307692307693 0.12980769230769232