8 0.22716346153846154 0.34375 0.21394230769230768 0.14783653846153846
3 0.4855769230769231 0.18269230769230768 0.20673076923076922 0.15384615384615385
2 0.06610576923076923 0.28365384615384615 0.13221153846153846 0.16346153846153846
1 0.19110576923076922 0.1502403846153846 0.20072115384615385 0.14783653846153846
0 0.14783653846153846 0.039663461538461536 0.19471153846153846 0.07932692307692307
6 0.609375 0.3173076923076923 0.040865384615384616 0.1201923076923077
7 0.6237980769230769 0.4495192307692308 0.06971153846153846 0.10576923076923077
10 0.6358173076923077 0.5492788461538461 0.07932692307692307 0.07932692307692307
9 0.7055288461538461 0.5120192307692307 0.08052884615384616 0.10817307692307693
7 0.3605769230769231 0.7223557692307693 0.18629807692307693 0.1502403846153846
5 0.4338942307692308 0.8725961538461539 0.20432692307692307 0.15865384615384615
1 0.17908653846153846 0.7884615384615384 0.18870192307692307 0.15985576923076922
3 0.039663461538461536 0.8533653846153846 0.07932692307692307 0.16826923076923078
10 0.6322115384615384 0.6394230769230769 0.08653846153846154 0.10096153846153846
3 0.7271634615384616 0.6995192307692307 0.08774038461538461 0.11778846153846154
11 0.6442307692307693 0.734375 0.0889423076923077 0.12259615384615384
5 0.7019230769230769 0.8209134615384616 0.08774038461538461 0.11778846153846154
9 0.6237980769230769 0.8605769230769231 0.06971153846153846 0.1201923076923077
1 0.7848557692307693 0.8016826923076923 0.08052884615384616 0.11057692307692307
9 0.8028846153846154 0.9146634615384616 0.0829326923076923 0.11538461538461539
0 0.9314903846153846 0.7319711538461539 0.08533653846153846 0.11899038461538461
4 0.8894230769230769 0.8389423076923077 0.08533653846153846 0.12379807692307693