9 0.30408653846153844 0.025240384615384616 0.0985576923076923 0.05048076923076923
1 0.2091346153846154 0.02403846153846154 0.09615384615384616 0.04807692307692308
1 0.11538461538461539 0.03245192307692308 0.10576923076923077 0.06490384615384616
6 0.03485576923076923 0.05048076923076923 0.06971153846153846 0.07692307692307693
4 0.20072115384615385 0.14302884615384615 0.10096153846153846 0.08413461538461539
0 0.24759615384615385 0.21394230769230768 0.10817307692307693 0.07572115384615384
9 0.2247596153846154 0.29086538461538464 0.09495192307692307 0.07572115384615384
10 0.13221153846153846 0.2920673076923077 0.09375 0.07572115384615384
9 0.9627403846153846 0.109375 0.07451923076923077 0.0985576923076923
7 0.9110576923076923 0.17548076923076922 0.07572115384615384 0.09735576923076923
7 0.8461538461538461 0.20192307692307693 0.07211538461538461 0.10336538461538461
6 0.8978365384615384 0.27884615384615385 0.0733173076923077 0.0985576923076923
8 0.8449519230769231 0.08774038461538461 0.07572115384615384 0.09134615384615384
5 0.7764423076923077 0.12740384615384615 0.06610576923076923 0.09975961538461539
7 0.7439903846153846 0.2800480769230769 0.06971153846153846 0.09615384615384616
0 0.6754807692307693 0.31971153846153844 0.06971153846153846 0.09975961538461539
6 0.7487980769230769 0.3557692307692308 0.06971153846153846 0.04807692307692308
10 0.6730769230769231 0.14302884615384615 0.06850961538461539 0.09495192307692307
8 0.6466346153846154 0.055288461538461536 0.06850961538461539 0.09495192307692307
11 0.5721153846153846 0.07451923076923077 0.07451923076923077 0.09254807692307693
9 0.59375 0.1658653846153846 0.0733173076923077 0.09615384615384616
9 0.22956730769230768 0.6454326923076923 0.109375 0.1502403846153846
7 0.43028846153846156 0.4795673076923077 0.07692307692307693 0.16105769230769232
1 0.3473557692307692 0.6526442307692307 0.11538461538461539 0.14783653846153846
2 0.3954326923076923 0.8245192307692307 0.13822115384615385 0.18028846153846154
4 0.2860576923076923 0.90625 0.12139423076923077 0.16706730769230768
3 0.8125 0.5192307692307693 0.14182692307692307 0.10697115384615384
3 0.8762019230769231 0.6081730769230769 0.13942307692307693 0.11778846153846154
9 0.5961538461538461 0.5805288461538461 0.12259615384615384 0.08774038461538461
8 0.5084134615384616 0.49038461538461536 0.07932692307692307 0.10576923076923077
8 0.5877403846153846 0.6754807692307693 0.12379807692307693 0.10096153846153846
2 0.5576923076923077 0.7908653846153846 0.14543269230769232 0.11778846153846154
10 0.65625 0.8762019230769231 0.15865384615384615 0.125
7 0.5024038461538461 0.8762019230769231 0.0673076923076923 0.11298076923076923
7 0.5661057692307693 0.953125 0.15144230769230768 0.09375