2 0.10336538461538461 0.3737980769230769 0.20192307692307693 0.0889423076923077
2 0.09615384615384616 0.2548076923076923 0.19230769230769232 0.15384615384615385
1 0.5324519230769231 0.35336538461538464 0.12740384615384615 0.12980769230769232
2 0.8557692307692307 0.2920673076923077 0.1658653846153846 0.12379807692307693
2 0.9146634615384616 0.10576923076923077 0.15144230769230768 0.11177884615384616
2 0.6225961538461539 0.06610576923076923 0.15504807692307693 0.11658653846153846
2 0.5072115384615384 0.057692307692307696 0.07692307692307693 0.11057692307692307
11 0.6586538461538461 0.2824519230769231 0.17668269230769232 0.12620192307692307
6 0.8846153846153846 0.02403846153846154 0.16826923076923078 0.04807692307692308
4 0.7764423076923077 0.1814903846153846 0.16105769230769232 0.12259615384615384
1 0.41947115384615385 0.6911057692307693 0.09495192307692307 0.07211538461538461
1 0.3245192307692308 0.6754807692307693 0.10576923076923077 0.07211538461538461
6 0.22956730769230768 0.6526442307692307 0.09975961538461539 0.078125
4 0.4098557692307692 0.5612980769230769 0.10096153846153846 0.08413461538461539
0 0.43509615384615385 0.4891826923076923 0.0673076923076923 0.07451923076923077
9 0.4266826923076923 0.4338942307692308 0.08413461538461539 0.03125
10 0.3401442307692308 0.4338942307692308 0.09375 0.03125
9 0.9903846153846154 0.8161057692307693 0.019230769230769232 0.0985576923076923
7 0.9639423076923077 0.7512019230769231 0.07211538461538461 0.0985576923076923
7 0.9014423076923077 0.7259615384615384 0.07211538461538461 0.10336538461538461
6 0.953125 0.6490384615384616 0.0733173076923077 0.0985576923076923
8 0.9002403846153846 0.8401442307692307 0.07572115384615384 0.09134615384615384
5 0.8317307692307693 0.8004807692307693 0.06610576923076923 0.09975961538461539
7 0.7992788461538461 0.6478365384615384 0.06971153846153846 0.09615384615384616
0 0.7307692307692307 0.6081730769230769 0.06971153846153846 0.09975961538461539
6 0.8052884615384616 0.5480769230769231 0.07091346153846154 0.09375
4 0.7355769230769231 0.5144230769230769 0.06971153846153846 0.10336538461538461
10 0.7283653846153846 0.7848557692307693 0.06850961538461539 0.09495192307692307
8 0.7019230769230769 0.8725961538461539 0.06850961538461539 0.09495192307692307
11 0.6274038461538461 0.8533653846153846 0.07451923076923077 0.09254807692307693
9 0.6490384615384616 0.7620192307692307 0.0733173076923077 0.09615384615384616
5 0.8882211538461539 0.47475961538461536 0.07091346153846154 0.09254807692307693
9 0.9543269230769231 0.4699519230769231 0.06490384615384616 0.09375