7 0.5540865384615384 0.31490384615384615 0.0889423076923077 0.1346153846153846
7 0.4254807692307692 0.31971153846153844 0.16947115384615385 0.1310096153846154
3 0.8629807692307693 0.078125 0.15504807692307693 0.11658653846153846
9 0.9375 0.26322115384615385 0.125 0.13701923076923078
6 0.6682692307692307 0.13942307692307693 0.13942307692307693 0.12980769230769232
0 0.5793269230769231 0.6538461538461539 0.038461538461538464 0.1201923076923077
7 0.5709134615384616 0.7704326923076923 0.055288461538461536 0.12740384615384615
1 0.5420673076923077 0.8798076923076923 0.09495192307692307 0.13221153846153846
8 0.45072115384615385 0.9158653846153846 0.09134615384615384 0.125
5 0.38341346153846156 0.9699519230769231 0.0889423076923077 0.06009615384615385
4 0.4723557692307692 0.7944711538461539 0.09735576923076923 0.11057692307692307
0 0.5108173076923077 0.6995192307692307 0.09375 0.11538461538461539
4 0.5228365384615384 0.5853365384615384 0.09134615384615384 0.12259615384615384
9 0.4206730769230769 0.5745192307692307 0.08052884615384616 0.11177884615384616
1 0.421875 0.6850961538461539 0.08052884615384616 0.10697115384615384
7 0.38221153846153844 0.7944711538461539 0.08173076923076923 0.11057692307692307
9 0.3004807692307692 0.7872596153846154 0.08413461538461539 0.10817307692307693
7 0.33774038461538464 0.9098557692307693 0.09375 0.12259615384615384
11 0.26802884615384615 0.9639423076923077 0.0985576923076923 0.07211538461538461
7 0.953125 0.7415865384615384 0.09375 0.25240384615384615
7 0.8305288461538461 0.5841346153846154 0.3004807692307692 0.16826923076923078
7 0.6826923076923077 0.7295673076923077 0.16826923076923078 0.24278846153846154
0 0.8305288461538461 0.8894230769230769 0.3389423076923077 0.22115384615384615