7 0.09134615384615384 0.5576923076923077 0.18269230769230768 0.0625
10 0.1814903846153846 0.46153846153846156 0.2127403846153846 0.1622596153846154
3 0.13221153846153846 0.24639423076923078 0.19831730769230768 0.16346153846153846
9 0.7932692307692307 0.5480769230769231 0.11538461538461539 0.08173076923076923
9 0.6887019230769231 0.4723557692307692 0.11057692307692307 0.07932692307692307
9 0.5649038461538461 0.38822115384615385 0.10697115384615384 0.07932692307692307
10 0.5516826923076923 0.5480769230769231 0.10336538461538461 0.08173076923076923
10 0.5817307692307693 0.4675480769230769 0.10697115384615384 0.07932692307692307
8 0.6550480769230769 0.546875 0.10817307692307693 0.08413461538461539
11 0.90625 0.5492788461538461 0.10576923076923077 0.07932692307692307
5 0.6730769230769231 0.3894230769230769 0.11057692307692307 0.078125
9 0.109375 0.7680288461538461 0.21875 0.17548076923076922
1 0.6490384615384616 0.8449519230769231 0.17067307692307693 0.12379807692307693
9 0.7235576923076923 0.7307692307692307 0.16947115384615385 0.13581730769230768
2 0.9579326923076923 0.9170673076923077 0.08413461538461539 0.11298076923076923
2 0.8389423076923077 0.8894230769230769 0.1658653846153846 0.11538461538461539