7 0.07091346153846154 0.02403846153846154 0.14182692307692307 0.04807692307692308
7 0.22716346153846154 0.025240384615384616 0.17067307692307693 0.05048076923076923
2 0.5673076923076923 0.18870192307692307 0.09615384615384616 0.2091346153846154
8 0.8786057692307693 0.234375 0.24278846153846154 0.20432692307692307
6 0.6838942307692307 0.34615384615384615 0.31009615384615385 0.125
0 0.7115384615384616 0.09495192307692307 0.24519230769230768 0.18990384615384615
9 0.11298076923076923 0.453125 0.16346153846153846 0.0889423076923077
8 0.22596153846153846 0.6622596153846154 0.1658653846153846 0.12259615384615384
7 0.36538461538461536 0.7403846153846154 0.1622596153846154 0.12860576923076922
3 0.47836538461538464 0.6514423076923077 0.08173076923076923 0.11538461538461539
5 0.234375 0.5252403846153846 0.17548076923076922 0.13341346153846154
11 0.9194711538461539 0.5120192307692307 0.125 0.09975961538461539
9 0.9579326923076923 0.7019230769230769 0.08413461538461539 0.08653846153846154
7 0.8725961538461539 0.5997596153846154 0.12620192307692307 0.09495192307692307
7 0.7956730769230769 0.8485576923076923 0.11538461538461539 0.09254807692307693
6 0.9735576923076923 0.6117788461538461 0.052884615384615384 0.09375
0 0.828125 0.7596153846153846 0.12139423076923077 0.09975961538461539
8 0.9375 0.7872596153846154 0.11778846153846154 0.1045673076923077