9 0.0733173076923077 0.34134615384615385 0.0985576923076923 0.12980769230769232
7 0.16466346153846154 0.39663461538461536 0.10336538461538461 0.1346153846153846
6 0.3629807692307692 0.2848557692307692 0.07211538461538461 0.13221153846153846
3 0.5817307692307693 0.42788461538461536 0.140625 0.09975961538461539
3 0.9399038461538461 0.14182692307692307 0.1201923076923077 0.10576923076923077
3 0.6382211538461539 0.25841346153846156 0.12620192307692307 0.0889423076923077
1 0.4579326923076923 0.234375 0.11778846153846154 0.10336538461538461
1 0.5985576923076923 0.13221153846153846 0.15384615384615385 0.10817307692307693
11 0.5120192307692307 0.05048076923076923 0.15384615384615385 0.10096153846153846
9 0.7151442307692307 0.020432692307692308 0.15144230769230768 0.040865384615384616
9 0.9615384615384616 0.23918269230769232 0.07692307692307693 0.0985576923076923
4 0.5168269230769231 0.34615384615384615 0.13942307692307693 0.09495192307692307
0 0.7632211538461539 0.25961538461538464 0.12620192307692307 0.09375
11 0.23677884615384615 0.6526442307692307 0.15745192307692307 0.11899038461538461
9 0.35697115384615385 0.6670673076923077 0.08413461538461539 0.11778846153846154
1 0.5997596153846154 0.5516826923076923 0.17067307692307693 0.08413461538461539
2 0.9338942307692307 0.6045673076923077 0.13221153846153846 0.11298076923076923
2 0.7908653846153846 0.5769230769230769 0.1658653846153846 0.11538461538461539