8 0.5012019230769231 0.12379807692307693 0.07451923076923077 0.1466346153846154
11 0.4014423076923077 0.14302884615384615 0.0985576923076923 0.14182692307692307
11 0.3076923076923077 0.07932692307692307 0.0985576923076923 0.12860576923076922
9 0.4411057692307692 0.039663461538461536 0.10817307692307693 0.07932692307692307
10 0.5697115384615384 0.3798076923076923 0.0625 0.1201923076923077
10 0.7199519230769231 0.11057692307692307 0.1310096153846154 0.10336538461538461
7 0.6754807692307693 0.2127403846153846 0.13701923076923078 0.11057692307692307
1 0.5997596153846154 0.03125 0.12259615384615384 0.0625
4 0.5865384615384616 0.11298076923076923 0.09615384615384616 0.10096153846153846
8 0.41947115384615385 0.8569711538461539 0.23798076923076922 0.2091346153846154
8 0.4074519230769231 0.6430288461538461 0.2620192307692308 0.21394230769230768
5 0.8978365384615384 0.96875 0.08413461538461539 0.0625
8 0.9723557692307693 0.9735576923076923 0.055288461538461536 0.052884615384615384
8 0.9819711538461539 0.6502403846153846 0.036057692307692304 0.13221153846153846
2 0.9014423076923077 0.8822115384615384 0.09134615384615384 0.1201923076923077
2 0.765625 0.7692307692307693 0.09014423076923077 0.13701923076923078
4 0.7283653846153846 0.8870192307692307 0.0889423076923077 0.1310096153846154
9 0.9819711538461539 0.7752403846153846 0.036057692307692304 0.12740384615384615