9 0.1502403846153846 0.20673076923076922 0.14302884615384615 0.09975961538461539
3 0.026442307692307692 0.3545673076923077 0.052884615384615384 0.11298076923076923
8 0.2920673076923077 0.20793269230769232 0.13221153846153846 0.10336538461538461
9 0.5120192307692307 0.33052884615384615 0.12860576923076922 0.09975961538461539
9 0.6622596153846154 0.3701923076923077 0.13942307692307693 0.10697115384615384
8 0.9603365384615384 0.46274038461538464 0.07932692307692307 0.0985576923076923
2 0.9795673076923077 0.3701923076923077 0.040865384615384616 0.09615384615384616
7 0.7391826923076923 0.28725961538461536 0.14182692307692307 0.10576923076923077
10 0.5336538461538461 0.23798076923076922 0.12860576923076922 0.08774038461538461
0 0.3233173076923077 0.8822115384615384 0.06971153846153846 0.08653846153846154
7 0.49038461538461536 0.8209134615384616 0.13701923076923078 0.10576923076923077
10 0.484375 0.7175480769230769 0.140625 0.1045673076923077
0 0.42427884615384615 0.6117788461538461 0.13221153846153846 0.0985576923076923
4 0.5576923076923077 0.6165865384615384 0.1346153846153846 0.10096153846153846