3 0.11899038461538461 0.1141826923076923 0.1346153846153846 0.09014423076923077
2 0.23317307692307693 0.3317307692307692 0.1466346153846154 0.1045673076923077
2 0.07451923076923077 0.35096153846153844 0.13581730769230768 0.10096153846153846
2 0.08774038461538461 0.4519230769230769 0.14182692307692307 0.10096153846153846
11 0.03485576923076923 0.18028846153846154 0.06971153846153846 0.10576923076923077
9 0.24879807692307693 0.09615384615384616 0.12860576923076922 0.09975961538461539
4 0.2668269230769231 0.43149038461538464 0.125 0.10817307692307693
7 0.3894230769230769 0.09375 0.08653846153846154 0.11057692307692307
11 0.5336538461538461 0.015625 0.09134615384615384 0.03125
3 0.578125 0.07211538461538461 0.09254807692307693 0.125
4 0.7019230769230769 0.056490384615384616 0.08173076923076923 0.11298076923076923
7 0.7235576923076923 0.15384615384615385 0.09615384615384616 0.12379807692307693
9 0.5372596153846154 0.20793269230769232 0.09615384615384616 0.12860576923076922
1 0.6129807692307693 0.2764423076923077 0.09735576923076923 0.125
11 0.8064903846153846 0.10096153846153846 0.09254807692307693 0.12259615384615384
10 0.3954326923076923 0.20673076923076922 0.08173076923076923 0.109375
6 0.027644230769230768 0.6754807692307693 0.055288461538461536 0.07692307692307693
6 0.46875 0.5769230769230769 0.15384615384615385 0.07692307692307693
6 0.7391826923076923 0.8125 0.16947115384615385 0.12259615384615384
10 0.4807692307692308 0.6742788461538461 0.15985576923076922 0.12379807692307693
2 0.7584134615384616 0.9387019230769231 0.17548076923076922 0.12259615384615384