7 0.4699519230769231 0.34975961538461536 0.21875 0.15865384615384615
9 0.5216346153846154 0.5048076923076923 0.15384615384615385 0.16826923076923078
1 0.6730769230769231 0.3329326923076923 0.14903846153846154 0.11778846153846154
4 0.8197115384615384 0.36538461538461536 0.1502403846153846 0.12860576923076922
1 0.8185096153846154 0.5709134615384616 0.16105769230769232 0.055288461538461536
5 0.6610576923076923 0.47475961538461536 0.125 0.12259615384615384
9 0.02283653846153846 0.8461538461538461 0.04567307692307692 0.12980769230769232
7 0.08774038461538461 0.7908653846153846 0.10336538461538461 0.1346153846153846
6 0.296875 0.9014423076923077 0.09134615384615384 0.13221153846153846
7 0.39302884615384615 0.9146634615384616 0.09254807692307693 0.125
8 0.4338942307692308 0.7355769230769231 0.10697115384615384 0.13822115384615385
5 0.4987980769230769 0.8521634615384616 0.09975961538461539 0.140625
6 0.47836538461538464 0.9747596153846154 0.10576923076923077 0.05048076923076923
7 0.8389423076923077 0.6814903846153846 0.18629807692307693 0.1502403846153846
5 0.765625 0.8317307692307693 0.20432692307692307 0.15865384615384615
1 0.9627403846153846 0.7463942307692307 0.07451923076923077 0.16105769230769232