7 0.5564903846153846 0.24158653846153846 0.10336538461538461 0.14182692307692307
9 0.41586538461538464 0.2439903846153846 0.17427884615384615 0.13822115384615385
3 0.3954326923076923 0.38822115384615385 0.19951923076923078 0.15384615384615385
11 0.28966346153846156 0.5060096153846154 0.1935096153846154 0.13221153846153846
11 0.8521634615384616 0.36538461538461536 0.125 0.09975961538461539
9 0.7403846153846154 0.4579326923076923 0.11778846153846154 0.0829326923076923
9 0.6430288461538461 0.4543269230769231 0.06971153846153846 0.09134615384615384
9 0.7884615384615384 0.17427884615384615 0.1310096153846154 0.08653846153846154
7 0.8990384615384616 0.2776442307692308 0.12620192307692307 0.09495192307692307
7 0.9591346153846154 0.037259615384615384 0.08173076923076923 0.07451923076923077
11 0.6394230769230769 0.36658653846153844 0.0625 0.08413461538461539
7 0.65625 0.2764423076923077 0.09615384615384616 0.08653846153846154
6 0.7668269230769231 0.2644230769230769 0.11177884615384616 0.09495192307692307
5 0.7319711538461539 0.36658653846153844 0.1201923076923077 0.08653846153846154
10 0.7139423076923077 0.07451923076923077 0.12139423076923077 0.08774038461538461
0 0.9411057692307693 0.11658653846153846 0.11778846153846154 0.0985576923076923
8 0.8341346153846154 0.09014423076923077 0.11778846153846154 0.1045673076923077
4 0.41947115384615385 0.6778846153846154 0.22355769230769232 0.13942307692307693
4 0.1935096153846154 0.6814903846153846 0.21394230769230768 0.1466346153846154
2 0.7860576923076923 0.7319711538461539 0.171875 0.12740384615384615
2 0.7439903846153846 0.640625 0.18509615384615385 0.06490384615384616
0 0.7199519230769231 0.9050480769230769 0.15865384615384615 0.10697115384615384