9 0.7271634615384616 0.4495192307692308 0.125 0.09615384615384616
7 0.6021634615384616 0.44471153846153844 0.12379807692307693 0.09375
2 0.484375 0.38461538461538464 0.12259615384615384 0.09375
3 0.4855769230769231 0.2920673076923077 0.12620192307692307 0.09375
7 0.23918269230769232 0.9230769230769231 0.0985576923076923 0.13942307692307693
11 0.11538461538461539 0.96875 0.1778846153846154 0.0625
8 0.6923076923076923 0.9435096153846154 0.09134615384615384 0.11298076923076923
10 0.6706730769230769 0.8233173076923077 0.0889423076923077 0.12139423076923077
0 0.5793269230769231 0.8161057692307693 0.09495192307692307 0.125
4 0.5901442307692307 0.9350961538461539 0.0985576923076923 0.12980769230769232
1 0.5288461538461539 0.6875 0.09375 0.12259615384615384
1 0.6201923076923077 0.6201923076923077 0.09134615384615384 0.10096153846153846
6 0.7103365384615384 0.6634615384615384 0.09134615384615384 0.12259615384615384
6 0.5300480769230769 0.5985576923076923 0.09375 0.057692307692307696
4 0.7127403846153846 0.5865384615384616 0.09375 0.03365384615384615