7 0.19591346153846154 0.3173076923076923 0.08774038461538461 0.12259615384615384
10 0.2247596153846154 0.20192307692307693 0.09014423076923077 0.1201923076923077
3 0.32091346153846156 0.13221153846153846 0.08774038461538461 0.11778846153846154
11 0.23798076923076922 0.09735576923076923 0.0889423076923077 0.12259615384615384
5 0.29447115384615385 0.03485576923076923 0.0889423076923077 0.06971153846153846
9 0.2091346153846154 0.014423076923076924 0.08653846153846154 0.028846153846153848
4 0.15144230769230768 0.07572115384615384 0.09254807692307693 0.13822115384615385
6 0.0673076923076923 0.13341346153846154 0.09254807692307693 0.12259615384615384
1 0.37740384615384615 0.042067307692307696 0.08173076923076923 0.08413461538461539
0 0.5252403846153846 0.09975961538461539 0.08533653846153846 0.11899038461538461
4 0.48197115384615385 0.026442307692307692 0.08413461538461539 0.052884615384615384
8 0.8557692307692307 0.2536057692307692 0.1814903846153846 0.14302884615384615
10 0.7271634615384616 0.15985576923076922 0.1814903846153846 0.13581730769230768
5 0.10697115384615384 0.9134615384615384 0.21394230769230768 0.17307692307692307
5 0.53125 0.9387019230769231 0.11538461538461539 0.12259615384615384
9 0.3389423076923077 0.9459134615384616 0.2403846153846154 0.10817307692307693
9 0.6995192307692307 0.9807692307692307 0.10576923076923077 0.038461538461538464
6 0.6033653846153846 0.8305288461538461 0.028846153846153848 0.1466346153846154
5 0.7331730769230769 0.8954326923076923 0.10216346153846154 0.13701923076923078