5 0.21634615384615385 0.025240384615384616 0.125 0.05048076923076923
9 0.32091346153846156 0.055288461538461536 0.12379807692307693 0.09375
9 0.49158653846153844 0.24278846153846154 0.12740384615384615 0.052884615384615384
9 0.4735576923076923 0.010817307692307692 0.11057692307692307 0.021634615384615384
2 0.28365384615384615 0.17427884615384615 0.1201923076923077 0.08774038461538461
3 0.3894230769230769 0.203125 0.11778846153846154 0.08413461538461539
9 0.8052884615384616 0.1141826923076923 0.15745192307692307 0.12259615384615384
9 0.9699519230769231 0.08173076923076923 0.06009615384615385 0.11057692307692307
10 0.8930288461538461 0.21153846153846154 0.15625 0.11538461538461539
6 0.025240384615384616 0.7163461538461539 0.05048076923076923 0.12980769230769232
4 0.0889423076923077 0.7956730769230769 0.11057692307692307 0.1346153846153846
9 0.06009615384615385 0.6153846153846154 0.10216346153846154 0.1466346153846154
11 0.1045673076923077 0.48677884615384615 0.09735576923076923 0.13221153846153846
2 0.18269230769230768 0.5805288461538461 0.09254807692307693 0.13221153846153846
8 0.2800480769230769 0.5877403846153846 0.09495192307692307 0.12980769230769232
10 0.05048076923076923 0.9206730769230769 0.10096153846153846 0.14423076923076922
7 0.6838942307692307 0.5949519230769231 0.21875 0.15865384615384615
9 0.7692307692307693 0.7512019230769231 0.21754807692307693 0.16947115384615385