3 0.171875 0.36658653846153844 0.0985576923076923 0.04567307692307692
2 0.33653846153846156 0.27524038461538464 0.08653846153846154 0.07932692307692307
8 0.34375 0.13822115384615385 0.07211538461538461 0.07932692307692307
8 0.07091346153846154 0.3641826923076923 0.0985576923076923 0.05048076923076923
7 0.25240384615384615 0.14543269230769232 0.109375 0.08052884615384616
9 0.1971153846153846 0.039663461538461536 0.10576923076923077 0.07932692307692307
6 0.07211538461538461 0.04447115384615385 0.125 0.0889423076923077
6 0.07451923076923077 0.27524038461538464 0.10697115384615384 0.07932692307692307
4 0.04447115384615385 0.140625 0.0889423076923077 0.09375
5 0.23798076923076922 0.265625 0.11177884615384616 0.07572115384615384
7 0.8605769230769231 0.30649038461538464 0.09014423076923077 0.1201923076923077
0 0.9543269230769231 0.15144230769230768 0.09134615384615384 0.125
0 0.7728365384615384 0.2668269230769231 0.09134615384615384 0.12379807692307693
7 0.6370192307692307 0.23317307692307693 0.09375 0.12860576923076922
3 0.7103365384615384 0.16706730769230768 0.09254807692307693 0.12860576923076922
10 0.6430288461538461 0.08052884615384616 0.09254807692307693 0.12620192307692307
8 0.7283653846153846 0.04326923076923077 0.09134615384615384 0.08653846153846154
11 0.7944711538461539 0.11778846153846154 0.09134615384615384 0.12259615384615384
9 0.5540865384615384 0.11538461538461539 0.09615384615384616 0.12740384615384615
10 0.5552884615384616 0.3016826923076923 0.09615384615384616 0.12980769230769232
4 0.47596153846153844 0.19951923076923078 0.0985576923076923 0.12980769230769232
6 0.4266826923076923 0.31490384615384615 0.09254807692307693 0.12860576923076922
1 0.4651442307692308 0.0673076923076923 0.09254807692307693 0.12379807692307693
5 0.53125 0.015625 0.09134615384615384 0.03125
4 0.8725961538461539 0.06370192307692307 0.09615384615384616 0.12740384615384615
3 0.36177884615384615 0.6394230769230769 0.036057692307692304 0.11057692307692307
2 0.25721153846153844 0.8341346153846154 0.13221153846153846 0.09375
1 0.056490384615384616 0.6983173076923077 0.11298076923076923 0.10336538461538461
9 0.2920673076923077 0.5865384615384616 0.15264423076923078 0.11899038461538461
0 0.054086538461538464 0.8040865384615384 0.10817307692307693 0.09375
4 0.2403846153846154 0.7355769230769231 0.13822115384615385 0.10216346153846154
10 0.7079326923076923 0.8545673076923077 0.0985576923076923 0.078125
10 0.4699519230769231 0.4855769230769231 0.09495192307692307 0.06850961538461539
10 0.6947115384615384 0.5829326923076923 0.1045673076923077 0.07572115384615384
8 0.39903846153846156 0.49038461538461536 0.038461538461538464 0.07211538461538461
8 0.5552884615384616 0.6790865384615384 0.09375 0.07451923076923077
7 0.7908653846153846 0.6105769230769231 0.0985576923076923 0.07211538461538461
5 0.6490384615384616 0.6911057692307693 0.09495192307692307 0.0733173076923077
11 0.4579326923076923 0.5588942307692307 0.09735576923076923 0.06850961538461539
11 0.4375 0.8161057692307693 0.09975961538461539 0.0733173076923077
9 0.4567307692307692 0.6298076923076923 0.09375 0.07211538461538461
9 0.3942307692307692 0.5925480769230769 0.028846153846153848 0.07451923076923077
9 0.671875 0.78125 0.10096153846153846 0.07932692307692307
9 0.5528846153846154 0.7752403846153846 0.09615384615384616 0.07692307692307693
9 0.46875 0.7415865384615384 0.1141826923076923 0.08052884615384616
1 0.4110576923076923 0.6911057692307693 0.0625 0.07932692307692307
6 0.5865384615384616 0.8485576923076923 0.1045673076923077 0.07932692307692307