3 0.43028846153846156 0.09254807692307693 0.057692307692307696 0.14182692307692307
2 0.18028846153846154 0.018028846153846152 0.08653846153846154 0.036057692307692304
2 0.19951923076923078 0.22596153846153846 0.10096153846153846 0.14423076923076922
10 0.29086538461538464 0.16105769230769232 0.11177884615384616 0.1346153846153846
5 0.9266826923076923 0.02403846153846154 0.13701923076923078 0.04807692307692308
7 0.6754807692307693 0.12139423076923077 0.13701923076923078 0.10576923076923077
0 0.6598557692307693 0.03485576923076923 0.13701923076923078 0.06971153846153846
0 0.18269230769230768 0.8521634615384616 0.13341346153846154 0.16346153846153846
3 0.05889423076923077 0.8665865384615384 0.11778846153846154 0.1658653846153846
3 0.1814903846153846 0.49399038461538464 0.13701923076923078 0.15144230769230768
9 0.057692307692307696 0.5348557692307693 0.11538461538461539 0.15625
6 0.8125 0.9471153846153846 0.16346153846153846 0.10576923076923077
1 0.8894230769230769 0.8473557692307693 0.15625 0.12259615384615384
3 0.6141826923076923 0.9254807692307693 0.14783653846153846 0.10216346153846154
11 0.5961538461538461 0.8173076923076923 0.14302884615384615 0.10817307692307693
6 0.6887019230769231 0.5 0.14302884615384615 0.11177884615384616
9 0.7908653846153846 0.6586538461538461 0.14182692307692307 0.10576923076923077
9 0.6658653846153846 0.43028846153846156 0.14423076923076922 0.02403846153846154
5 0.6454326923076923 0.6634615384615384 0.14302884615384615 0.10697115384615384