9 0.3786057692307692 0.3605769230769231 0.06009615384615385 0.1201923076923077
11 0.3076923076923077 0.3701923076923077 0.08413461538461539 0.11778846153846154
2 0.31850961538461536 0.48677884615384615 0.09134615384615384 0.11298076923076923
8 0.22956730769230768 0.5120192307692307 0.08653846153846154 0.109375
11 0.6502403846153846 0.06610576923076923 0.08052884615384616 0.11177884615384616
3 0.6310096153846154 0.171875 0.0829326923076923 0.109375
9 0.5192307692307693 0.16947115384615385 0.0829326923076923 0.1045673076923077
9 0.49759615384615385 0.27403846153846156 0.08653846153846154 0.11057692307692307
5 0.44591346153846156 0.1346153846153846 0.07451923076923077 0.11057692307692307
1 0.4326923076923077 0.2403846153846154 0.04807692307692308 0.11538461538461539
7 0.7704326923076923 0.14423076923076922 0.0829326923076923 0.11298076923076923
10 0.7367788461538461 0.2536057692307692 0.08653846153846154 0.11298076923076923
1 0.38822115384615385 0.8125 0.040865384615384616 0.09134615384615384
4 0.3317307692307692 0.59375 0.11538461538461539 0.028846153846153848
4 0.0985576923076923 0.7331730769230769 0.12259615384615384 0.09134615384615384
7 0.14302884615384615 0.6165865384615384 0.12740384615384615 0.07451923076923077
6 0.3125 0.6514423076923077 0.11177884615384616 0.09014423076923077
7 0.3581730769230769 0.7355769230769231 0.10096153846153846 0.09134615384615384
9 0.21153846153846154 0.6862980769230769 0.12139423076923077 0.09615384615384616
0 0.020432692307692308 0.7127403846153846 0.040865384615384616 0.0889423076923077
7 0.0733173076923077 0.8713942307692307 0.12980769230769232 0.09735576923076923
7 0.22355769230769232 0.8954326923076923 0.12259615384615384 0.09134615384615384
10 0.171875 0.8088942307692307 0.12980769230769232 0.09975961538461539
11 0.33653846153846156 0.8557692307692307 0.1201923076923077 0.09254807692307693
5 0.7908653846153846 0.8245192307692307 0.12980769230769232 0.09975961538461539
9 0.6634615384615384 0.8317307692307693 0.125 0.09975961538461539
10 0.7680288461538461 0.9615384615384616 0.14182692307692307 0.07692307692307693