5 0.15264423076923078 0.30408653846153844 0.14182692307692307 0.15144230769230768
2 0.234375 0.17067307692307693 0.14423076923076922 0.18509615384615385
7 0.6514423076923077 0.17908653846153846 0.18629807692307693 0.1502403846153846
5 0.578125 0.054086538461538464 0.20432692307692307 0.10817307692307693
1 0.8329326923076923 0.11298076923076923 0.18870192307692307 0.15985576923076922
3 0.9651442307692307 0.06490384615384616 0.06971153846153846 0.12980769230769232
11 0.03245192307692308 0.8810096153846154 0.06490384615384616 0.14182692307692307
11 0.11057692307692307 0.8173076923076923 0.0985576923076923 0.12860576923076922
7 0.10216346153846154 0.6802884615384616 0.09975961538461539 0.13701923076923078
9 0.014423076923076924 0.7439903846153846 0.028846153846153848 0.1466346153846154
6 0.5637019230769231 0.9158653846153846 0.109375 0.14783653846153846
6 0.6177884615384616 0.8040865384615384 0.10697115384615384 0.1310096153846154
4 0.7091346153846154 0.7259615384615384 0.11057692307692307 0.1346153846153846
9 0.6802884615384616 0.90625 0.10216346153846154 0.1466346153846154
11 0.7235576923076923 0.984375 0.09615384615384616 0.03125
2 0.8016826923076923 0.9375 0.09375 0.125
8 0.9002403846153846 0.9338942307692307 0.09495192307692307 0.12980769230769232
10 0.6658653846153846 0.5997596153846154 0.11177884615384616 0.14302884615384615
8 0.578125 0.6838942307692307 0.11057692307692307 0.1466346153846154
1 0.5096153846153846 0.7944711538461539 0.10697115384615384 0.1466346153846154