5 0.40625 0.44350961538461536 0.09735576923076923 0.12980769230769232
0 0.3161057692307692 0.42908653846153844 0.0985576923076923 0.13822115384615385
2 0.24639423076923078 0.5108173076923077 0.1045673076923077 0.13822115384615385
3 0.16346153846153846 0.4375 0.10697115384615384 0.12620192307692307
7 0.22716346153846154 0.34375 0.09975961538461539 0.1310096153846154
9 0.4170673076923077 0.31971153846153844 0.08413461538461539 0.12980769230769232
7 0.6887019230769231 0.1778846153846154 0.1346153846153846 0.10336538461538461
10 0.7379807692307693 0.6514423076923077 0.13942307692307693 0.09615384615384616
0 0.8016826923076923 0.5528846153846154 0.13701923076923078 0.09975961538461539
4 0.6658653846153846 0.5564903846153846 0.1346153846153846 0.10096153846153846
2 0.7295673076923077 0.3557692307692308 0.13221153846153846 0.10096153846153846
3 0.8665865384615384 0.35336538461538464 0.13221153846153846 0.0985576923076923
11 0.8221153846153846 0.17427884615384615 0.13581730769230768 0.09735576923076923
11 0.31009615384615385 0.9519230769230769 0.11298076923076923 0.09014423076923077
11 0.06370192307692307 0.8317307692307693 0.12740384615384615 0.09615384615384616
7 0.2608173076923077 0.7367788461538461 0.13221153846153846 0.07451923076923077
7 0.35096153846153844 0.8653846153846154 0.11177884615384616 0.09375
8 0.11177884615384616 0.9423076923076923 0.12139423076923077 0.0985576923076923
4 0.05048076923076923 0.7307692307692307 0.10096153846153846 0.0625
3 0.02403846153846154 0.9026442307692307 0.04807692307692308 0.10336538461538461
5 0.18269230769230768 0.8629807692307693 0.11899038461538461 0.09134615384615384
6 0.8930288461538461 0.7295673076923077 0.09375 0.06009615384615385
10 0.7896634615384616 0.7704326923076923 0.09375 0.12259615384615384
1 0.6322115384615384 0.7163461538461539 0.10096153846153846 0.03365384615384615