9 0.21995192307692307 0.3329326923076923 0.06971153846153846 0.09975961538461539
11 0.1814903846153846 0.4074519230769231 0.06971153846153846 0.0889423076923077
9 0.039663461538461536 0.37740384615384615 0.06370192307692307 0.09014423076923077
7 0.06129807692307692 0.4579326923076923 0.0673076923076923 0.09134615384615384
10 0.9170673076923077 0.13221153846153846 0.07572115384615384 0.11778846153846154
2 0.8473557692307693 0.07692307692307693 0.07211538461538461 0.12740384615384615
3 0.7512019230769231 0.18389423076923078 0.07692307692307693 0.10697115384615384
3 0.7487980769230769 0.2980769230769231 0.08052884615384616 0.109375
3 0.8377403846153846 0.5108173076923077 0.08413461538461539 0.07451923076923077
1 0.6141826923076923 0.38100961538461536 0.08774038461538461 0.125
8 0.7620192307692307 0.48197115384615385 0.0829326923076923 0.12980769230769232
6 0.5985576923076923 0.4951923076923077 0.08173076923076923 0.10576923076923077
6 0.40384615384615385 0.9194711538461539 0.2091346153846154 0.15745192307692307
2 0.19951923076923078 0.9314903846153846 0.19230769230769232 0.13701923076923078
3 0.5853365384615384 0.6875 0.055288461538461536 0.09615384615384616
3 0.9435096153846154 0.7163461538461539 0.11298076923076923 0.10096153846153846
3 0.8209134615384616 0.7235576923076923 0.13822115384615385 0.09615384615384616
3 0.9639423076923077 0.9362980769230769 0.07211538461538461 0.10336538461538461
8 0.5877403846153846 0.7848557692307693 0.06009615384615385 0.10817307692307693
0 0.8569711538461539 0.9362980769230769 0.140625 0.10216346153846154
0 0.9555288461538461 0.8197115384615384 0.0889423076923077 0.10096153846153846
4 0.6021634615384616 0.9110576923076923 0.0889423076923077 0.10576923076923077