8 0.5564903846153846 0.17307692307692307 0.026442307692307692 0.1346153846153846
6 0.6730769230769231 0.31009615384615385 0.11538461538461539 0.057692307692307696
3 0.4338942307692308 0.6947115384615384 0.1466346153846154 0.10697115384615384
2 0.33052884615384615 0.8257211538461539 0.1310096153846154 0.0985576923076923
2 0.16105769230769232 0.8149038461538461 0.12620192307692307 0.09735576923076923
2 0.036057692307692304 0.8269230769230769 0.07211538461538461 0.10096153846153846
2 0.03125 0.9278846153846154 0.0625 0.10096153846153846
1 0.2644230769230769 0.5721153846153846 0.125 0.08653846153846154
1 0.12980769230769232 0.5637019230769231 0.12860576923076922 0.0985576923076923
11 0.5132211538461539 0.7752403846153846 0.11298076923076923 0.11298076923076923
11 0.07451923076923077 0.6574519230769231 0.1310096153846154 0.1045673076923077
6 0.25600961538461536 0.6634615384615384 0.12139423076923077 0.09375
6 0.3713942307692308 0.9266826923076923 0.12980769230769232 0.10576923076923077
5 0.15865384615384615 0.9146634615384616 0.12740384615384615 0.10697115384615384
11 0.8858173076923077 0.6658653846153846 0.12860576923076922 0.09615384615384616
7 0.6322115384615384 0.5240384615384616 0.12259615384615384 0.09014423076923077
7 0.6850961538461539 0.8942307692307693 0.12139423076923077 0.09254807692307693
8 0.9338942307692307 0.5552884615384616 0.12139423076923077 0.0985576923076923
4 0.8701923076923077 0.7740384615384616 0.10817307692307693 0.08052884615384616
0 0.8677884615384616 0.8545673076923077 0.11177884615384616 0.08413461538461539
3 0.8064903846153846 0.59375 0.12740384615384615 0.10336538461538461
10 0.9639423076923077 0.8317307692307693 0.07211538461538461 0.09615384615384616
9 0.7355769230769231 0.6923076923076923 0.1201923076923077 0.09134615384615384
5 0.9723557692307693 0.6346153846153846 0.055288461538461536 0.09134615384615384
6 0.6838942307692307 0.7788461538461539 0.12139423076923077 0.09375
6 0.7980769230769231 0.9411057692307693 0.11778846153846154 0.09254807692307693