6 0.14903846153846154 0.016826923076923076 0.16346153846153846 0.03365384615384615
1 0.07572115384615384 0.0829326923076923 0.15144230769230768 0.12259615384615384
3 0.3485576923076923 0.027644230769230768 0.14903846153846154 0.055288461538461536
11 0.36778846153846156 0.11298076923076923 0.14302884615384615 0.10817307692307693
6 0.27524038461538464 0.43028846153846156 0.14302884615384615 0.11177884615384616
9 0.17307692307692307 0.27163461538461536 0.14182692307692307 0.10576923076923077
9 0.2980769230769231 0.5276442307692307 0.14423076923076922 0.08413461538461539
5 0.31850961538461536 0.2668269230769231 0.14302884615384615 0.10697115384615384
9 0.8665865384615384 0.34134615384615385 0.13221153846153846 0.10096153846153846
9 0.6081730769230769 0.4182692307692308 0.14182692307692307 0.1045673076923077
10 0.7944711538461539 0.04807692307692308 0.14182692307692307 0.09615384615384616
10 0.8112980769230769 0.2512019230769231 0.12980769230769232 0.09735576923076923
1 0.9543269230769231 0.13701923076923078 0.09134615384615384 0.09134615384615384
6 0.9663461538461539 0.2283653846153846 0.0673076923076923 0.09615384615384616
1 0.7175480769230769 0.35096153846153844 0.140625 0.11298076923076923
8 0.6911057692307693 0.11177884615384616 0.14423076923076922 0.10817307692307693
11 0.5216346153846154 0.07692307692307693 0.12379807692307693 0.09254807692307693
2 0.1346153846153846 0.9819711538461539 0.14903846153846154 0.036057692307692304
2 0.32091346153846156 0.6850961538461539 0.14543269230769232 0.0985576923076923
8 0.021634615384615384 0.9435096153846154 0.04326923076923077 0.11298076923076923
8 0.036057692307692304 0.8209134615384616 0.07211538461538461 0.10817307692307693
9 0.17067307692307693 0.6911057692307693 0.13822115384615385 0.10697115384615384
1 0.4050480769230769 0.8882211538461539 0.06971153846153846 0.11298076923076923
1 0.1466346153846154 0.7944711538461539 0.14182692307692307 0.11057692307692307
6 0.37259615384615385 0.7824519230769231 0.1346153846153846 0.10817307692307693
7 0.12620192307692307 0.90625 0.15745192307692307 0.10697115384615384
8 0.6237980769230769 0.9807692307692307 0.21394230769230768 0.038461538461538464
2 0.8209134615384616 0.9471153846153846 0.2091346153846154 0.10576923076923077
1 0.6598557692307693 0.8425480769230769 0.20072115384615385 0.14783653846153846
0 0.7019230769230769 0.6983173076923077 0.1935096153846154 0.14903846153846154