10 0.15384615384615385 0.5384615384615384 0.1346153846153846 0.038461538461538464
2 0.296875 0.4110576923076923 0.1346153846153846 0.16706730769230768
2 0.2980769230769231 0.23798076923076922 0.1310096153846154 0.15865384615384615
5 0.16826923076923078 0.42427884615384615 0.1201923076923077 0.16826923076923078
10 0.16706730769230768 0.24879807692307693 0.12379807692307693 0.16105769230769232
7 0.9855769230769231 0.11778846153846154 0.028846153846153848 0.11057692307692307
11 0.8689903846153846 0.2439903846153846 0.09014423076923077 0.12740384615384615
3 0.8257211538461539 0.13942307692307693 0.09254807692307693 0.125
1 0.7475961538461539 0.2668269230769231 0.09375 0.12379807692307693
4 0.7007211538461539 0.16105769230769232 0.0829326923076923 0.12740384615384615
7 0.6802884615384616 0.05889423076923077 0.09615384615384616 0.11778846153846154
9 0.8653846153846154 0.03365384615384615 0.09615384615384616 0.0673076923076923
11 0.5973557692307693 0.11057692307692307 0.09254807692307693 0.12259615384615384
10 0.9831730769230769 0.028846153846153848 0.03365384615384615 0.057692307692307696
2 0.3870192307692308 0.8473557692307693 0.08173076923076923 0.10096153846153846
2 0.3737980769230769 0.7403846153846154 0.06971153846153846 0.11538461538461539
2 0.21153846153846154 0.7283653846153846 0.06850961538461539 0.10576923076923077
11 0.39783653846153844 0.953125 0.07451923076923077 0.09375
11 0.037259615384615384 0.9627403846153846 0.07451923076923077 0.07451923076923077
9 0.22596153846153846 0.9639423076923077 0.07692307692307693 0.07211538461538461
5 0.2512019230769231 0.8762019230769231 0.08052884615384616 0.10336538461538461
5 0.2403846153846154 0.6225961538461539 0.08052884615384616 0.10336538461538461
9 0.9783653846153846 0.8197115384615384 0.04326923076923077 0.07211538461538461
1 0.9122596153846154 0.8233173076923077 0.09495192307692307 0.07211538461538461
1 0.8173076923076923 0.8076923076923077 0.10576923076923077 0.07211538461538461
6 0.7223557692307693 0.7848557692307693 0.09975961538461539 0.078125
4 0.9026442307692307 0.6935096153846154 0.10096153846153846 0.08413461538461539
0 0.9471153846153846 0.6213942307692307 0.10576923076923077 0.07451923076923077
9 0.9254807692307693 0.5697115384615384 0.09615384615384616 0.02403846153846154
10 0.8329326923076923 0.5697115384615384 0.09375 0.02403846153846154