0 0.4110576923076923 0.2247596153846154 0.11538461538461539 0.13701923076923078
8 0.15384615384615385 0.4170673076923077 0.1814903846153846 0.14302884615384615
10 0.057692307692307696 0.5096153846153846 0.11538461538461539 0.1346153846153846
1 0.8305288461538461 0.0673076923076923 0.12259615384615384 0.1346153846153846
1 0.7163461538461539 0.5216346153846154 0.1141826923076923 0.15384615384615385
7 0.8413461538461539 0.22355769230769232 0.11899038461538461 0.16105769230769232
7 0.7524038461538461 0.3269230769230769 0.1045673076923077 0.14543269230769232
11 0.7391826923076923 0.14423076923076922 0.11298076923076923 0.140625
0 0.8221153846153846 0.46274038461538464 0.11538461538461539 0.15384615384615385
9 0.3161057692307692 0.9338942307692307 0.18028846153846154 0.13221153846153846
5 0.13341346153846154 0.9471153846153846 0.18509615384615385 0.10576923076923077
9 0.9771634615384616 0.9002403846153846 0.04567307692307692 0.17067307692307693