3 0.2704326923076923 0.140625 0.12620192307692307 0.0889423076923077
1 0.078125 0.16466346153846154 0.14302884615384615 0.10336538461538461
1 0.23076923076923078 0.2668269230769231 0.15384615384615385 0.10817307692307693
11 0.14423076923076922 0.31850961538461536 0.15384615384615385 0.040865384615384616
4 0.14903846153846154 0.052884615384615384 0.13942307692307693 0.09495192307692307
0 0.3449519230769231 0.13822115384615385 0.026442307692307692 0.09375
11 0.8245192307692307 0.028846153846153848 0.1346153846153846 0.057692307692307696
7 0.5480769230769231 0.03245192307692308 0.14423076923076922 0.06490384615384616
7 0.9447115384615384 0.020432692307692308 0.11057692307692307 0.040865384615384616
5 0.6838942307692307 0.018028846153846152 0.14182692307692307 0.036057692307692304
3 0.052884615384615384 0.5877403846153846 0.10576923076923077 0.1658653846153846
11 0.2848557692307692 0.5264423076923077 0.1466346153846154 0.14903846153846154
6 0.46153846153846156 0.5288461538461539 0.20673076923076922 0.15865384615384615
2 0.6646634615384616 0.5540865384615384 0.1935096153846154 0.16105769230769232