9 0.15264423076923078 0.052884615384615384 0.07692307692307693 0.09975961538461539
7 0.20673076923076922 0.11778846153846154 0.07572115384615384 0.09735576923076923
7 0.27163461538461536 0.14423076923076922 0.07211538461538461 0.10336538461538461
6 0.21995192307692307 0.22115384615384615 0.0733173076923077 0.0985576923076923
8 0.27163461538461536 0.037259615384615384 0.07692307692307693 0.07451923076923077
5 0.34134615384615385 0.06971153846153846 0.06610576923076923 0.09975961538461539
7 0.3737980769230769 0.22235576923076922 0.06971153846153846 0.09615384615384616
0 0.4326923076923077 0.2608173076923077 0.052884615384615384 0.0985576923076923
6 0.36778846153846156 0.32211538461538464 0.07091346153846154 0.09375
4 0.43028846153846156 0.3545673076923077 0.057692307692307696 0.10336538461538461
10 0.4338942307692308 0.08413461538461539 0.05048076923076923 0.09615384615384616
5 0.2848557692307692 0.3954326923076923 0.07091346153846154 0.09254807692307693
9 0.21875 0.40024038461538464 0.06490384615384616 0.09375
7 0.5829326923076923 0.20432692307692307 0.24759615384615385 0.22596153846153846
0 0.9326923076923077 0.18269230769230768 0.1346153846153846 0.22115384615384615
4 0.9411057692307693 0.4098557692307692 0.11778846153846154 0.23317307692307693
2 0.05048076923076923 0.5480769230769231 0.10096153846153846 0.038461538461538464
3 0.10817307692307693 0.6081730769230769 0.1045673076923077 0.13701923076923078
9 0.20793269230769232 0.6598557692307693 0.10817307692307693 0.14423076923076922
10 0.11899038461538461 0.7379807692307693 0.10697115384615384 0.14302884615384615
7 0.29447115384615385 0.6370192307692307 0.11057692307692307 0.14182692307692307
9 0.3858173076923077 0.5853365384615384 0.10817307692307693 0.11298076923076923
8 0.028846153846153848 0.6213942307692307 0.057692307692307696 0.14182692307692307
5 0.6213942307692307 0.6935096153846154 0.1971153846153846 0.12980769230769232
5 0.8305288461538461 0.6850961538461539 0.18509615384615385 0.12980769230769232
10 0.5432692307692307 0.8329326923076923 0.16826923076923078 0.15625
10 0.9038461538461539 0.9338942307692307 0.19230769230769232 0.13221153846153846
2 0.8233173076923077 0.5709134615384616 0.17548076923076922 0.08413461538461539
3 0.9663461538461539 0.8197115384615384 0.0673076923076923 0.15865384615384615