9 0.11778846153846154 0.13822115384615385 0.11057692307692307 0.0829326923076923
1 0.3293269230769231 0.1346153846153846 0.038461538461538464 0.08173076923076923
1 0.23197115384615385 0.1466346153846154 0.11298076923076923 0.08653846153846154
1 0.2620192307692308 0.0673076923076923 0.11177884615384616 0.08413461538461539
10 0.3317307692307692 0.055288461538461536 0.03365384615384615 0.08173076923076923
6 0.14903846153846154 0.057692307692307696 0.11057692307692307 0.07572115384615384
2 0.22716346153846154 0.01201923076923077 0.11298076923076923 0.02403846153846154
3 0.4026442307692308 0.21995192307692307 0.07692307692307693 0.10697115384615384
3 0.4050480769230769 0.10576923076923077 0.08052884615384616 0.109375
3 0.7295673076923077 0.1201923076923077 0.09615384615384616 0.12740384615384615
1 0.5384615384615384 0.042067307692307696 0.08653846153846154 0.08413461538461539
4 0.75 0.24759615384615385 0.11057692307692307 0.1201923076923077
2 0.06850961538461539 0.6358173076923077 0.13701923076923078 0.11298076923076923
7 0.6923076923076923 0.7716346153846154 0.20552884615384615 0.15504807692307693
10 0.7920673076923077 0.6274038461538461 0.2127403846153846 0.1622596153846154
3 0.7427884615384616 0.41225961538461536 0.19831730769230768 0.16346153846153846
9 0.5324519230769231 0.4375 0.2091346153846154 0.17067307692307693