3 0.4963942307692308 0.265625 0.12980769230769232 0.10697115384615384
3 0.1875 0.36778846153846156 0.125 0.0625
1 0.03365384615384615 0.35216346153846156 0.0673076923076923 0.09375
1 0.14903846153846154 0.2548076923076923 0.15384615384615385 0.10817307692307693
11 0.06971153846153846 0.16105769230769232 0.13942307692307693 0.125
9 0.2668269230769231 0.10576923076923077 0.15264423076923078 0.11899038461538461
9 0.5360576923076923 0.3557692307692308 0.125 0.08653846153846154
0 0.3125 0.36658653846153844 0.125 0.06490384615384616
7 0.021634615384615384 0.06129807692307692 0.04326923076923077 0.11778846153846154
10 0.09014423076923077 0.027644230769230768 0.16105769230769232 0.055288461538461536
5 0.35697115384615385 0.03245192307692308 0.15625 0.06490384615384616
3 0.9314903846153846 0.03245192307692308 0.06971153846153846 0.06490384615384616
7 0.734375 0.23918269230769232 0.08533653846153846 0.1141826923076923
4 0.7824519230769231 0.04807692307692308 0.07451923076923077 0.09615384615384616
9 0.7235576923076923 0.3485576923076923 0.08653846153846154 0.10096153846153846
6 0.5564903846153846 0.8665865384615384 0.12259615384615384 0.18509615384615385
10 0.5108173076923077 0.7019230769230769 0.1346153846153846 0.17067307692307693
2 0.36899038461538464 0.5072115384615384 0.1346153846153846 0.16706730769230768
5 0.49759615384615385 0.5204326923076923 0.1201923076923077 0.16826923076923078
10 0.6646634615384616 0.7163461538461539 0.09375 0.1201923076923077
3 0.7992788461538461 0.5709134615384616 0.15745192307692307 0.11658653846153846
3 0.9435096153846154 0.7475961538461539 0.11298076923076923 0.10576923076923077
4 0.8125 0.7043269230769231 0.17307692307692307 0.1201923076923077
9 0.9519230769230769 0.6189903846153846 0.09615384615384616 0.12259615384615384
0 0.8076923076923077 0.4543269230769231 0.16346153846153846 0.11057692307692307
2 0.6622596153846154 0.5961538461538461 0.0889423076923077 0.125