5 0.2127403846153846 0.5360576923076923 0.15144230769230768 0.08653846153846154
9 0.2860576923076923 0.4519230769230769 0.14423076923076922 0.12379807692307693
1 0.32211538461538464 0.30288461538461536 0.16346153846153846 0.12980769230769232
0 0.22115384615384615 0.19831730769230768 0.16947115384615385 0.12740384615384615
9 0.7151442307692307 0.3269230769230769 0.14302884615384615 0.11057692307692307
10 0.6153846153846154 0.1935096153846154 0.11538461538461539 0.11778846153846154
10 0.9290865384615384 0.0829326923076923 0.14182692307692307 0.11778846153846154
7 0.8557692307692307 0.30408653846153844 0.1466346153846154 0.11778846153846154
8 0.8040865384615384 0.1466346153846154 0.15745192307692307 0.11899038461538461
6 0.6310096153846154 0.08413461538461539 0.1466346153846154 0.1201923076923077
4 0.7512019230769231 0.03365384615384615 0.15625 0.0673076923076923
10 0.27884615384615385 0.9158653846153846 0.1346153846153846 0.16826923076923078
2 0.13822115384615385 0.7235576923076923 0.1346153846153846 0.16706730769230768
2 0.13581730769230768 0.6045673076923077 0.13221153846153846 0.05048076923076923
5 0.2668269230769231 0.7367788461538461 0.1201923076923077 0.16826923076923078
10 0.2668269230769231 0.6105769230769231 0.125 0.0625
4 0.7307692307692307 0.6911057692307693 0.10096153846153846 0.1502403846153846
3 0.8341346153846154 0.6370192307692307 0.11057692307692307 0.11538461538461539
9 0.9447115384615384 0.6201923076923077 0.09615384615384616 0.08173076923076923