9 0.23677884615384615 0.009615384615384616 0.06971153846153846 0.019230769230769232
6 0.1658653846153846 0.009615384615384616 0.07211538461538461 0.019230769230769232
6 0.17067307692307693 0.0673076923076923 0.0733173076923077 0.09735576923076923
1 0.10096153846153846 0.0673076923076923 0.06850961538461539 0.09495192307692307
5 0.24158653846153846 0.06610576923076923 0.07091346153846154 0.09495192307692307
9 0.2980769230769231 0.06490384615384616 0.04326923076923077 0.09615384615384616
9 0.2848557692307692 0.1622596153846154 0.06971153846153846 0.09375
1 0.21875 0.15985576923076922 0.06971153846153846 0.09254807692307693
5 0.8713942307692307 0.037259615384615384 0.20432692307692307 0.07451923076923077
3 0.4182692307692308 0.030048076923076924 0.1971153846153846 0.06009615384615385
3 0.18269230769230768 0.5228365384615384 0.09615384615384616 0.04567307692307692
3 0.08173076923076923 0.8016826923076923 0.10336538461538461 0.140625
0 0.08052884615384616 0.9350961538461539 0.11298076923076923 0.12980769230769232
11 0.8762019230769231 0.5492788461538461 0.09375 0.0985576923076923
7 0.8870192307692307 0.6634615384615384 0.10096153846153846 0.12259615384615384
2 0.7079326923076923 0.7199519230769231 0.1045673076923077 0.14423076923076922
3 0.6490384615384616 0.8317307692307693 0.1045673076923077 0.13701923076923078
10 0.6105769230769231 0.6334134615384616 0.10216346153846154 0.13942307692307693
7 0.515625 0.5769230769230769 0.10096153846153846 0.13942307692307693
9 0.5492788461538461 0.8834134615384616 0.10817307692307693 0.14423076923076922
10 0.6370192307692307 0.9447115384615384 0.10576923076923077 0.11057692307692307
7 0.46274038461538464 0.8605769230769231 0.11057692307692307 0.14182692307692307
9 0.3713942307692308 0.796875 0.10336538461538461 0.13701923076923078
8 0.7512019230769231 0.8449519230769231 0.10336538461538461 0.14182692307692307
2 0.8401442307692307 0.9074519230769231 0.10096153846153846 0.13942307692307693