5 0.3004807692307692 0.4050480769230769 0.07932692307692307 0.06009615384615385
11 0.2127403846153846 0.4110576923076923 0.0829326923076923 0.0625
8 0.3016826923076923 0.4543269230769231 0.07932692307692307 0.04807692307692308
7 0.13341346153846154 0.3942307692307692 0.08774038461538461 0.06009615384615385
8 0.9182692307692307 0.036057692307692304 0.1346153846153846 0.07211538461538461
7 0.859375 0.15144230769230768 0.12740384615384615 0.17427884615384615
11 0.6550480769230769 0.21033653846153846 0.12139423076923077 0.171875
3 0.5649038461538461 0.11177884615384616 0.11778846153846154 0.16947115384615385
7 0.4026442307692308 0.6935096153846154 0.03125 0.12259615384615384
5 0.3954326923076923 0.53125 0.04567307692307692 0.10576923076923077
6 0.3737980769230769 0.8040865384615384 0.0889423076923077 0.11298076923076923
9 0.15745192307692307 0.5793269230769231 0.171875 0.12259615384615384
1 0.2860576923076923 0.5228365384615384 0.16346153846153846 0.0889423076923077
7 0.9026442307692307 0.9278846153846154 0.10817307692307693 0.14423076923076922
7 0.7139423076923077 0.9747596153846154 0.10096153846153846 0.05048076923076923
7 0.6502403846153846 0.6610576923076923 0.1141826923076923 0.15144230769230768
9 0.8161057692307693 0.9747596153846154 0.0985576923076923 0.05048076923076923
0 0.8173076923076923 0.828125 0.11899038461538461 0.14182692307692307
6 0.7379807692307693 0.7692307692307693 0.11177884615384616 0.15144230769230768
6 0.9254807692307693 0.7980769230769231 0.11177884615384616 0.1466346153846154
4 0.9747596153846154 0.6838942307692307 0.05048076923076923 0.1466346153846154
3 0.9795673076923077 0.9338942307692307 0.040865384615384616 0.13221153846153846