4 0.47596153846153844 0.2704326923076923 0.10096153846153846 0.1502403846153846
3 0.37259615384615385 0.19831730769230768 0.11057692307692307 0.15504807692307693
3 0.016826923076923076 0.18509615384615385 0.03365384615384615 0.1201923076923077
8 0.056490384615384616 0.27163461538461536 0.09134615384615384 0.11899038461538461
8 0.06850961538461539 0.140625 0.08413461538461539 0.11177884615384616
11 0.025240384615384616 0.052884615384615384 0.05048076923076923 0.10576923076923077
9 0.2608173076923077 0.17427884615384615 0.09615384615384616 0.13221153846153846
5 0.16706730769230768 0.14903846153846154 0.09134615384615384 0.125
5 0.8954326923076923 0.27403846153846156 0.2091346153846154 0.19230769230769232
5 0.6670673076923077 0.2704326923076923 0.23798076923076922 0.20432692307692307
2 0.22716346153846154 0.9362980769230769 0.11298076923076923 0.12740384615384615
7 0.4675480769230769 0.5745192307692307 0.11538461538461539 0.15144230769230768
9 0.5348557692307693 0.515625 0.026442307692307692 0.1466346153846154
11 0.359375 0.9711538461538461 0.11778846153846154 0.057692307692307696
4 0.30288461538461536 0.8461538461538461 0.11298076923076923 0.14423076923076922
10 0.7740384615384616 0.7824519230769231 0.07211538461538461 0.09615384615384616
9 0.7019230769230769 0.6959134615384616 0.0733173076923077 0.09975961538461539
4 0.6310096153846154 0.7043269230769231 0.07211538461538461 0.09615384615384616
9 0.5709134615384616 0.6899038461538461 0.04567307692307692 0.09615384615384616
6 0.5685096153846154 0.7836538461538461 0.040865384615384616 0.09134615384615384
0 0.6286057692307693 0.7992788461538461 0.06971153846153846 0.09735576923076923
10 0.7019230769230769 0.796875 0.07211538461538461 0.09495192307692307
5 0.5733173076923077 0.5961538461538461 0.05048076923076923 0.09615384615384616
9 0.6358173076923077 0.5973557692307693 0.07211538461538461 0.09495192307692307
11 0.7091346153846154 0.5985576923076923 0.07572115384615384 0.0985576923076923
7 0.7752403846153846 0.6899038461538461 0.0733173076923077 0.09254807692307693
7 0.78125 0.5673076923076923 0.07572115384615384 0.10096153846153846
3 0.6971153846153846 0.5012019230769231 0.07572115384615384 0.09495192307692307
9 0.609375 0.5012019230769231 0.0733173076923077 0.09375
1 0.5612980769230769 0.5024038461538461 0.026442307692307692 0.09134615384615384
10 0.765625 0.4699519230769231 0.07451923076923077 0.09975961538461539