7 0.3233173076923077 0.052884615384615384 0.20432692307692307 0.10576923076923077
10 0.2247596153846154 0.17307692307692307 0.2127403846153846 0.1622596153846154
3 0.27403846153846156 0.38822115384615385 0.19831730769230768 0.16346153846153846
9 0.484375 0.3629807692307692 0.2091346153846154 0.17067307692307693
10 0.7271634615384616 0.026442307692307692 0.09375 0.052884615384615384
6 0.7319711538461539 0.11538461538461539 0.10697115384615384 0.14783653846153846
7 0.6802884615384616 0.22956730769230768 0.0625 0.15625
5 0.8978365384615384 0.06009615384615385 0.10336538461538461 0.1201923076923077
2 0.33413461538461536 0.5348557692307693 0.20192307692307693 0.03125
2 0.32091346153846156 0.6274038461538461 0.20673076923076922 0.15384615384615385
3 0.703125 0.5637019230769231 0.10817307692307693 0.0889423076923077
10 0.8221153846153846 0.6538461538461539 0.11899038461538461 0.15504807692307693
10 0.9362980769230769 0.8100961538461539 0.12740384615384615 0.1778846153846154
1 0.6923076923076923 0.6995192307692307 0.08653846153846154 0.13942307692307693
6 0.8617788461538461 0.9266826923076923 0.11778846153846154 0.1466346153846154
2 0.7788461538461539 0.7992788461538461 0.11298076923076923 0.15504807692307693