11 0.05889423076923077 0.35216346153846156 0.11778846153846154 0.0985576923076923
9 0.16826923076923078 0.44591346153846156 0.11778846153846154 0.0829326923076923
9 0.2860576923076923 0.4423076923076923 0.11298076923076923 0.09134615384615384
9 0.37740384615384615 0.265625 0.11778846153846154 0.09014423076923077
9 0.1201923076923077 0.1622596153846154 0.1310096153846154 0.08653846153846154
7 0.036057692307692304 0.2644230769230769 0.07211538461538461 0.09615384615384616
11 0.2956730769230769 0.3557692307692308 0.11778846153846154 0.08533653846153846
7 0.25961538461538464 0.265625 0.1141826923076923 0.08653846153846154
6 0.14182692307692307 0.25240384615384615 0.11177884615384616 0.09495192307692307
5 0.17668269230769232 0.3545673076923077 0.1201923076923077 0.08653846153846154
10 0.19471153846153846 0.0625 0.12139423076923077 0.08774038461538461
8 0.07451923076923077 0.078125 0.11778846153846154 0.1045673076923077
8 0.7451923076923077 0.47115384615384615 0.10576923076923077 0.1346153846153846
9 0.6442307692307693 0.41947115384615385 0.11057692307692307 0.13822115384615385
3 0.7728365384615384 0.33774038461538464 0.10576923076923077 0.13701923076923078
3 0.6814903846153846 0.2764423076923077 0.10096153846153846 0.15625
8 0.6370192307692307 0.02403846153846154 0.11538461538461539 0.04807692307692308
10 0.09735576923076923 0.7427884615384616 0.19471153846153846 0.17307692307692307
9 0.2548076923076923 0.6322115384615384 0.23557692307692307 0.17548076923076922
3 0.6382211538461539 0.9771634615384616 0.11778846153846154 0.04567307692307692
11 0.6454326923076923 0.8978365384615384 0.13221153846153846 0.10817307692307693
7 0.8509615384615384 0.7800480769230769 0.14423076923076922 0.10817307692307693
6 0.8822115384615384 0.6730769230769231 0.140625 0.10817307692307693
6 0.5997596153846154 0.5877403846153846 0.040865384615384616 0.0985576923076923
5 0.6213942307692307 0.7439903846153846 0.08413461538461539 0.10817307692307693