10 0.0829326923076923 0.020432692307692308 0.09375 0.040865384615384616
6 0.08774038461538461 0.10336538461538461 0.10697115384615384 0.14783653846153846
7 0.03365384615384615 0.21754807692307693 0.0673076923076923 0.15625
5 0.25 0.054086538461538464 0.09615384615384616 0.10817307692307693
6 0.7920673076923077 0.4170673076923077 0.2091346153846154 0.12259615384615384
2 0.5889423076923077 0.42908653846153844 0.19230769230769232 0.0985576923076923
7 0.25841346153846156 0.5168269230769231 0.07451923076923077 0.07692307692307693
7 0.19471153846153846 0.5336538461538461 0.07211538461538461 0.10336538461538461
6 0.24639423076923078 0.6105769230769231 0.0733173076923077 0.0985576923076923
5 0.12379807692307693 0.49278846153846156 0.06490384615384616 0.028846153846153848
7 0.09254807692307693 0.6117788461538461 0.06971153846153846 0.09615384615384616
0 0.028846153846153848 0.6502403846153846 0.057692307692307696 0.0985576923076923
6 0.0985576923076923 0.7115384615384616 0.07091346153846154 0.09375
4 0.03125 0.7439903846153846 0.0625 0.10336538461538461
10 0.027644230769230768 0.5 0.055288461538461536 0.04326923076923077
5 0.1814903846153846 0.7848557692307693 0.07091346153846154 0.09254807692307693
9 0.24759615384615385 0.7896634615384616 0.06490384615384616 0.09375
10 0.7115384615384616 0.5144230769230769 0.07211538461538461 0.07211538461538461
9 0.6394230769230769 0.5901442307692307 0.0733173076923077 0.09975961538461539
4 0.5685096153846154 0.5817307692307693 0.07211538461538461 0.09615384615384616
9 0.49759615384615385 0.5949519230769231 0.06971153846153846 0.09495192307692307
6 0.49158653846153844 0.5120192307692307 0.06971153846153846 0.0673076923076923
0 0.5661057692307693 0.5060096153846154 0.06971153846153846 0.055288461538461536
10 0.6394230769230769 0.5072115384615384 0.07211538461538461 0.057692307692307696
4 0.421875 0.5132211538461539 0.06971153846153846 0.06971153846153846
6 0.4266826923076923 0.5985576923076923 0.07091346153846154 0.0889423076923077
6 0.43028846153846156 0.6899038461538461 0.0733173076923077 0.09735576923076923
1 0.3605769230769231 0.6899038461538461 0.06850961538461539 0.09495192307692307
5 0.5012019230769231 0.6887019230769231 0.07091346153846154 0.09495192307692307
9 0.5733173076923077 0.6887019230769231 0.07211538461538461 0.09495192307692307
11 0.6466346153846154 0.6875 0.07572115384615384 0.0985576923076923
7 0.7127403846153846 0.5961538461538461 0.0733173076923077 0.09254807692307693
7 0.71875 0.71875 0.07572115384615384 0.10096153846153846
3 0.6346153846153846 0.7848557692307693 0.07572115384615384 0.09495192307692307
9 0.546875 0.7848557692307693 0.0733173076923077 0.09375
1 0.47836538461538464 0.7824519230769231 0.06971153846153846 0.09254807692307693
10 0.703125 0.8161057692307693 0.07451923076923077 0.09975961538461539