11 0.5925480769230769 0.2247596153846154 0.09375 0.12620192307692307
7 0.6033653846153846 0.35096153846153844 0.10096153846153846 0.12259615384615384
2 0.42427884615384615 0.4074519230769231 0.1045673076923077 0.14423076923076922
3 0.3641826923076923 0.49399038461538464 0.10336538461538461 0.0889423076923077
10 0.3269230769230769 0.32091346153846156 0.10216346153846154 0.13942307692307693
7 0.23197115384615385 0.2644230769230769 0.10096153846153846 0.13942307692307693
9 0.265625 0.5180288461538461 0.10817307692307693 0.040865384615384616
7 0.1778846153846154 0.5072115384615384 0.11057692307692307 0.0625
9 0.08533653846153846 0.47716346153846156 0.10817307692307693 0.12259615384615384
8 0.4675480769230769 0.5 0.10336538461538461 0.07692307692307693
0 0.8497596153846154 0.22596153846153846 0.11538461538461539 0.07451923076923077
0 0.8617788461538461 0.30288461538461536 0.125 0.08052884615384616
4 0.7223557692307693 0.04567307692307692 0.0889423076923077 0.0625
5 0.7331730769230769 0.2247596153846154 0.11057692307692307 0.06971153846153846
6 0.9615384615384616 0.31850961538461536 0.07692307692307693 0.08413461538461539
6 0.890625 0.046875 0.09975961538461539 0.06009615384615385
8 0.9567307692307693 0.13221153846153846 0.08653846153846154 0.0625
9 0.7319711538461539 0.2980769230769231 0.10817307692307693 0.07692307692307693
9 0.7536057692307693 0.15384615384615385 0.10817307692307693 0.0673076923076923
9 0.9543269230769231 0.22716346153846154 0.09134615384615384 0.06971153846153846
2 0.6911057692307693 0.3870192307692308 0.026442307692307692 0.08173076923076923
2 0.8149038461538461 0.3858173076923077 0.11538461538461539 0.08052884615384616
2 0.8149038461538461 0.4735576923076923 0.12860576923076922 0.09375
2 0.9387019230769231 0.4074519230769231 0.12259615384615384 0.08413461538461539
2 0.9711538461538461 0.040865384615384616 0.057692307692307696 0.057692307692307696
9 0.5012019230769231 0.9615384615384616 0.12740384615384615 0.07692307692307693
9 0.35216346153846156 0.9350961538461539 0.13942307692307693 0.10697115384615384
8 0.04567307692307692 0.8401442307692307 0.09134615384615384 0.0985576923076923
2 0.026442307692307692 0.9326923076923077 0.052884615384615384 0.09615384615384616
7 0.27524038461538464 0.9819711538461539 0.14182692307692307 0.036057692307692304