3 0.15144230769230768 0.34975961538461536 0.06850961538461539 0.10817307692307693
3 0.16466346153846154 0.2403846153846154 0.06850961538461539 0.10697115384615384
7 0.3485576923076923 0.5685096153846154 0.08653846153846154 0.0985576923076923
4 0.3016826923076923 0.38221153846153844 0.07451923076923077 0.10817307692307693
2 0.3112980769230769 0.27163461538461536 0.06971153846153846 0.10697115384615384
2 0.9723557692307693 0.39663461538461536 0.055288461538461536 0.08653846153846154
7 0.9158653846153846 0.390625 0.06009615384615385 0.07932692307692307
6 0.8569711538461539 0.42427884615384615 0.055288461538461536 0.0829326923076923
7 0.796875 0.4026442307692308 0.05889423076923077 0.0829326923076923
0 0.7680288461538461 0.4639423076923077 0.06490384615384616 0.07572115384615384
7 0.7403846153846154 0.5432692307692307 0.06610576923076923 0.09254807692307693
5 0.7091346153846154 0.43509615384615385 0.06610576923076923 0.08774038461538461
2 0.7403846153846154 0.34975961538461536 0.056490384615384616 0.07451923076923077
8 0.7379807692307693 0.2776442307692308 0.06009615384615385 0.07932692307692307
8 0.6646634615384616 0.5012019230769231 0.06490384615384616 0.09014423076923077
10 0.8497596153846154 0.296875 0.06490384615384616 0.09254807692307693
9 0.8040865384615384 0.23677884615384615 0.0673076923076923 0.09375
6 0.8930288461538461 0.24278846153846154 0.0673076923076923 0.09375
9 0.9435096153846154 0.29447115384615385 0.06490384615384616 0.09134615384615384
3 0.9867788461538461 0.32091346153846156 0.026442307692307692 0.08413461538461539
9 0.17307692307692307 0.9519230769230769 0.1346153846153846 0.09615384615384616
1 0.2536057692307692 0.8485576923076923 0.13701923076923078 0.10096153846153846
1 0.0625 0.9038461538461539 0.125 0.10576923076923077
4 0.13822115384615385 0.8004807692307693 0.140625 0.10576923076923077
4 0.016826923076923076 0.6658653846153846 0.03365384615384615 0.09615384615384616
0 0.09735576923076923 0.6550480769230769 0.12740384615384615 0.07451923076923077
9 0.6237980769230769 0.9579326923076923 0.14182692307692307 0.08413461538461539