7 0.23557692307692307 0.5384615384615384 0.10096153846153846 0.12259615384615384
2 0.41466346153846156 0.48197115384615385 0.1045673076923077 0.14423076923076922
3 0.4735576923076923 0.3701923076923077 0.1045673076923077 0.13701923076923078
10 0.5108173076923077 0.5576923076923077 0.10336538461538461 0.1201923076923077
7 0.6057692307692307 0.5865384615384616 0.10096153846153846 0.0625
9 0.5733173076923077 0.31850961538461536 0.10817307692307693 0.14423076923076922
10 0.484375 0.2403846153846154 0.10697115384615384 0.14302884615384615
7 0.6598557692307693 0.34134615384615385 0.11057692307692307 0.14182692307692307
9 0.7127403846153846 0.4026442307692308 0.03125 0.13701923076923078
8 0.3713942307692308 0.35697115384615385 0.10336538461538461 0.14182692307692307
2 0.2824519230769231 0.29447115384615385 0.10096153846153846 0.13942307692307693
9 0.8329326923076923 0.38341346153846156 0.15865384615384615 0.11778846153846154
2 0.7704326923076923 0.046875 0.08413461538461539 0.09375
10 0.15625 0.8209134615384616 0.2283653846153846 0.171875
9 0.3293269230769231 0.7091346153846154 0.23557692307692307 0.17548076923076922
2 0.8918269230769231 0.8329326923076923 0.171875 0.12740384615384615
2 0.9194711538461539 0.6959134615384616 0.16105769230769232 0.15625
0 0.9387019230769231 0.9759615384615384 0.12259615384615384 0.04807692307692308