9 0.5396634615384616 0.46875 0.15625 0.038461538461538464
10 0.4519230769230769 0.4110576923076923 0.15625 0.11658653846153846
10 0.109375 0.3004807692307692 0.16105769230769232 0.11778846153846154
7 0.19110576923076922 0.47475961538461536 0.1466346153846154 0.026442307692307692
8 0.2439903846153846 0.3629807692307692 0.15745192307692307 0.11899038461538461
6 0.4230769230769231 0.3016826923076923 0.15865384615384615 0.1201923076923077
4 0.2956730769230769 0.22596153846153846 0.15625 0.11899038461538461
3 0.37740384615384615 0.90625 0.12259615384615384 0.15745192307692307
2 0.14423076923076922 0.7620192307692307 0.11177884615384616 0.16105769230769232
2 0.5180288461538461 0.5300480769230769 0.12259615384615384 0.08413461538461539
11 0.2764423076923077 0.8257211538461539 0.11778846153846154 0.1502403846153846
4 0.21875 0.6538461538461539 0.11298076923076923 0.14423076923076922
1 0.9627403846153846 0.9314903846153846 0.07451923076923077 0.13701923076923078
8 0.8882211538461539 0.9639423076923077 0.0889423076923077 0.07211538461538461
11 0.8485576923076923 0.8954326923076923 0.09254807692307693 0.12980769230769232
7 0.9302884615384616 0.8329326923076923 0.09615384615384616 0.1310096153846154
1 0.7980769230769231 0.9735576923076923 0.057692307692307696 0.052884615384615384