9 0.39302884615384615 0.3894230769230769 0.09375 0.09615384615384616
9 0.19951923076923078 0.055288461538461536 0.14182692307692307 0.1045673076923077
10 0.040865384615384616 0.42788461538461536 0.08173076923076923 0.10576923076923077
10 0.030048076923076924 0.22115384615384615 0.06009615384615385 0.09615384615384616
1 0.09014423076923077 0.12259615384615384 0.140625 0.11298076923076923
8 0.11658653846153846 0.36177884615384615 0.14423076923076922 0.10817307692307693
11 0.2860576923076923 0.39663461538461536 0.12379807692307693 0.09254807692307693
3 0.7932692307692307 0.4519230769230769 0.1778846153846154 0.09615384615384616
8 0.6478365384615384 0.39903846153846156 0.17548076923076922 0.12259615384615384
6 0.4831730769230769 0.4098557692307692 0.08653846153846154 0.10817307692307693
7 0.7608173076923077 0.12740384615384615 0.18389423076923078 0.13822115384615385
7 0.6117788461538461 0.052884615384615384 0.18509615384615385 0.10576923076923077
9 0.5985576923076923 0.19591346153846154 0.19230769230769232 0.1346153846153846
1 0.49278846153846156 0.10576923076923077 0.10576923076923077 0.15384615384615385
2 0.49399038461538464 0.2980769230769231 0.10817307692307693 0.11538461538461539
3 0.3942307692307692 0.9254807692307693 0.09134615384615384 0.14903846153846154
2 0.1778846153846154 0.7860576923076923 0.11177884615384616 0.16105769230769232
11 0.31009615384615385 0.8497596153846154 0.11778846153846154 0.1502403846153846
4 0.25240384615384615 0.6778846153846154 0.11298076923076923 0.14423076923076922
9 0.7271634615384616 0.9399038461538461 0.1346153846153846 0.09975961538461539
1 0.8064903846153846 0.8341346153846154 0.13701923076923078 0.10096153846153846
1 0.6105769230769231 0.890625 0.13822115384615385 0.10576923076923077
4 0.6911057692307693 0.7860576923076923 0.140625 0.10576923076923077
4 0.5252403846153846 0.6526442307692307 0.12379807692307693 0.09735576923076923
5 0.49759615384615385 0.9615384615384616 0.11538461538461539 0.07692307692307693
7 0.4891826923076923 0.5444711538461539 0.0985576923076923 0.0889423076923077
10 0.5997596153846154 0.5360576923076923 0.12259615384615384 0.07211538461538461
0 0.6514423076923077 0.6358173076923077 0.12620192307692307 0.08653846153846154