6 0.5180288461538461 0.16466346153846154 0.12259615384615384 0.1466346153846154
7 0.6394230769230769 0.20793269230769232 0.09615384615384616 0.06009615384615385
8 0.6370192307692307 0.1141826923076923 0.09495192307692307 0.13581730769230768
7 0.1346153846153846 0.9651442307692307 0.09615384615384616 0.06971153846153846
5 0.039663461538461536 0.8521634615384616 0.07932692307692307 0.12740384615384615
8 0.13221153846153846 0.8665865384615384 0.09495192307692307 0.13581730769230768
8 0.14903846153846154 0.5012019230769231 0.09134615384615384 0.13221153846153846
6 0.24278846153846154 0.4362980769230769 0.10576923076923077 0.13942307692307693
2 0.04326923076923077 0.7331730769230769 0.08653846153846154 0.1201923076923077
9 0.15264423076923078 0.6274038461538461 0.09615384615384616 0.12740384615384615
2 0.3473557692307692 0.38341346153846156 0.11177884615384616 0.14543269230769232
7 0.6826923076923077 0.9014423076923077 0.12740384615384615 0.09495192307692307
7 0.6802884615384616 0.4098557692307692 0.15264423076923078 0.12860576923076922
10 0.6310096153846154 0.515625 0.10336538461538461 0.11778846153846154
3 0.6694711538461539 0.7524038461538461 0.13942307692307693 0.09975961538461539
8 0.5973557692307693 0.9038461538461539 0.036057692307692304 0.09134615384615384
0 0.7992788461538461 0.7295673076923077 0.140625 0.10336538461538461