1 0.16826923076923078 0.5240384615384616 0.14423076923076922 0.109375
10 0.1045673076923077 0.23798076923076922 0.16706730769230768 0.125
2 0.234375 0.15504807692307693 0.17307692307692307 0.140625
6 0.06129807692307692 0.45913461538461536 0.12259615384615384 0.1201923076923077
11 0.7103365384615384 0.4050480769230769 0.15745192307692307 0.11899038461538461
9 0.8689903846153846 0.41947115384615385 0.15865384615384615 0.11778846153846154
8 0.6286057692307693 0.1466346153846154 0.17307692307692307 0.13341346153846154
2 0.7596153846153846 0.06490384615384616 0.1814903846153846 0.12980769230769232
7 0.11538461538461539 0.9603365384615384 0.08173076923076923 0.07932692307692307
6 0.1875 0.9206730769230769 0.078125 0.1045673076923077
2 0.20192307692307693 0.984375 0.08653846153846154 0.03125
3 0.2668269230769231 0.9555288461538461 0.08653846153846154 0.0889423076923077
7 0.17307692307692307 0.8305288461538461 0.08052884615384616 0.109375
11 0.1346153846153846 0.7403846153846154 0.07932692307692307 0.11057692307692307
10 0.0985576923076923 0.8653846153846154 0.07932692307692307 0.09735576923076923
9 0.03485576923076923 0.9122596153846154 0.06971153846153846 0.10817307692307693
9 0.4891826923076923 0.7355769230769231 0.08533653846153846 0.11298076923076923
6 0.5721153846153846 0.7764423076923077 0.09014423076923077 0.12139423076923077