4 0.45072115384615385 0.4230769230769231 0.0985576923076923 0.11057692307692307
3 0.25600961538461536 0.27403846153846156 0.10817307692307693 0.1466346153846154
2 0.1502403846153846 0.30408653846153844 0.109375 0.14182692307692307
10 0.9026442307692307 0.4206730769230769 0.19471153846153846 0.11538461538461539
3 0.9302884615384616 0.2283653846153846 0.13942307692307693 0.16346153846153846
5 0.3737980769230769 0.9411057692307693 0.13221153846153846 0.11778846153846154
9 0.2536057692307692 0.8629807692307693 0.14302884615384615 0.18990384615384615
6 0.140625 0.8028846153846154 0.1346153846153846 0.18269230769230768
1 0.2091346153846154 0.6442307692307693 0.1346153846153846 0.18629807692307693
0 0.04567307692307692 0.9699519230769231 0.09134615384615384 0.06009615384615385
9 0.3605769230769231 0.6646634615384616 0.12980769230769232 0.18509615384615385
11 0.30408653846153844 0.5300480769230769 0.13221153846153846 0.10336538461538461
11 0.9230769230769231 0.9759615384615384 0.13942307692307693 0.04807692307692308
11 0.6394230769230769 0.90625 0.1346153846153846 0.1045673076923077
8 0.7848557692307693 0.9879807692307693 0.13701923076923078 0.02403846153846154
7 0.9146634615384616 0.9002403846153846 0.14423076923076922 0.10576923076923077
7 0.5360576923076923 0.9242788461538461 0.07211538461538461 0.10336538461538461
3 0.6466346153846154 0.9783653846153846 0.13942307692307693 0.04326923076923077
5 0.7800480769230769 0.9278846153846154 0.14182692307692307 0.1045673076923077