6 0.4170673076923077 0.13822115384615385 0.0829326923076923 0.11899038461538461
7 0.4362980769230769 0.028846153846153848 0.06490384615384616 0.057692307692307696
2 0.359375 0.06009615384615385 0.08533653846153846 0.11778846153846154
3 0.2956730769230769 0.02403846153846154 0.08653846153846154 0.04807692307692308
7 0.9098557692307693 0.32091346153846156 0.18028846153846154 0.14182692307692307
9 0.7307692307692307 0.3233173076923077 0.17427884615384615 0.13822115384615385
3 0.7103365384615384 0.41466346153846156 0.19951923076923078 0.05048076923076923
7 0.36899038461538464 0.9795673076923077 0.18509615384615385 0.040865384615384616
5 0.4050480769230769 0.8846153846153846 0.12740384615384615 0.15865384615384615
1 0.1875 0.9435096153846154 0.1875 0.11298076923076923
3 0.04447115384615385 0.9014423076923077 0.0889423076923077 0.16826923076923078
1 0.9362980769230769 0.7776442307692307 0.12740384615384615 0.11778846153846154
4 0.8028846153846154 0.7475961538461539 0.1502403846153846 0.12860576923076922
1 0.8040865384615384 0.5108173076923077 0.16105769230769232 0.11778846153846154
5 0.9483173076923077 0.6382211538461539 0.10336538461538461 0.12259615384615384