10 0.038461538461538464 0.04326923076923077 0.07692307692307693 0.08653846153846154
2 0.10817307692307693 0.018028846153846152 0.07211538461538461 0.036057692307692304
3 0.20552884615384615 0.08052884615384616 0.07692307692307693 0.10697115384615384
3 0.20793269230769232 0.19471153846153846 0.08052884615384616 0.109375
3 0.11658653846153846 0.4050480769230769 0.08413461538461539 0.06971153846153846
8 0.1935096153846154 0.3762019230769231 0.08413461538461539 0.12740384615384615
2 0.026442307692307692 0.9014423076923077 0.052884615384615384 0.15384615384615385
2 0.3125 0.7019230769230769 0.08653846153846154 0.16346153846153846
2 0.4014423076923077 0.6382211538461539 0.12379807692307693 0.15384615384615385
7 0.5372596153846154 0.7524038461538461 0.11538461538461539 0.15144230769230768
9 0.4230769230769231 0.8100961538461539 0.11778846153846154 0.14783653846153846
4 0.7007211538461539 0.4963942307692308 0.11298076923076923 0.11298076923076923