8 0.30408653846153844 0.25 0.10697115384615384 0.14543269230769232
11 0.1875 0.23197115384615385 0.0985576923076923 0.14182692307692307
11 0.09375 0.2956730769230769 0.0985576923076923 0.12860576923076922
7 0.10216346153846154 0.4326923076923077 0.09975961538461539 0.13701923076923078
9 0.2283653846153846 0.36778846153846156 0.10817307692307693 0.14543269230769232
10 0.3545673076923077 0.3762019230769231 0.10697115384615384 0.14783653846153846
6 0.9651442307692307 0.3233173076923077 0.06971153846153846 0.10817307692307693
2 0.8052884615384616 0.31850961538461536 0.14423076923076922 0.11778846153846154
2 0.7331730769230769 0.5168269230769231 0.15985576923076922 0.11778846153846154
4 0.984375 0.4254807692307692 0.03125 0.11057692307692307
8 0.8617788461538461 0.421875 0.14543269230769232 0.10697115384615384
3 0.8629807692307693 0.5673076923076923 0.15865384615384615 0.10096153846153846
1 0.30408653846153844 0.8786057692307693 0.15865384615384615 0.12259615384615384
6 0.13942307692307693 0.8774038461538461 0.15985576923076922 0.12259615384615384
1 0.8377403846153846 0.859375 0.15865384615384615 0.12259615384615384
6 0.6730769230769231 0.8581730769230769 0.15985576923076922 0.12259615384615384