3 0.18389423076923078 0.15865384615384615 0.1466346153846154 0.10697115384615384
2 0.28725961538461536 0.28966346153846156 0.1310096153846154 0.0985576923076923
2 0.44591346153846156 0.2776442307692308 0.10817307692307693 0.0985576923076923
1 0.35336538461538464 0.039663461538461536 0.125 0.07932692307692307
1 0.46153846153846156 0.038461538461538464 0.07692307692307693 0.07692307692307693
11 0.09014423076923077 0.2403846153846154 0.13822115384615385 0.11177884615384616
6 0.36177884615384615 0.12740384615384615 0.12139423076923077 0.09375
6 0.24639423076923078 0.390625 0.12980769230769232 0.10576923076923077
5 0.44711538461538464 0.37740384615384615 0.10576923076923077 0.10576923076923077
7 0.6153846153846154 0.21634615384615385 0.11778846153846154 0.15745192307692307
0 0.71875 0.13581730769230768 0.1141826923076923 0.15144230769230768
3 0.6454326923076923 0.47716346153846156 0.10817307692307693 0.10336538461538461
2 0.75 0.4639423076923077 0.11057692307692307 0.12980769230769232
9 0.22956730769230768 0.7403846153846154 0.1346153846153846 0.09975961538461539
1 0.1502403846153846 0.8461538461538461 0.13701923076923078 0.10096153846153846
1 0.34615384615384615 0.7896634615384616 0.13822115384615385 0.10576923076923077
4 0.265625 0.8942307692307693 0.140625 0.10576923076923077
4 0.43028846153846156 0.9891826923076923 0.125 0.021634615384615384
5 0.4495192307692308 0.7043269230769231 0.10096153846153846 0.10096153846153846
11 0.6658653846153846 0.9627403846153846 0.125 0.07451923076923077
9 0.7788461538461539 0.8834134615384616 0.11778846153846154 0.0829326923076923
9 0.8966346153846154 0.8870192307692307 0.11298076923076923 0.09134615384615384
11 0.9050480769230769 0.9651442307692307 0.11778846153846154 0.06971153846153846
5 0.7860576923076923 0.9651442307692307 0.1201923076923077 0.06971153846153846