5 0.036057692307692304 0.3942307692307692 0.07211538461538461 0.12980769230769232
7 0.5733173076923077 0.036057692307692304 0.08413461538461539 0.07211538461538461
6 0.6430288461538461 0.09254807692307693 0.0829326923076923 0.11298076923076923
7 0.7632211538461539 0.12379807692307693 0.08052884615384616 0.10576923076923077
11 0.8401442307692307 0.1201923076923077 0.07572115384615384 0.10096153846153846
7 0.057692307692307696 0.5925480769230769 0.10817307692307693 0.1466346153846154
7 0.24639423076923078 0.6802884615384616 0.10096153846153846 0.1346153846153846
9 0.14543269230769232 0.6838942307692307 0.0985576923076923 0.13822115384615385
0 0.14302884615384615 0.5108173076923077 0.11778846153846154 0.10336538461538461
0 0.16105769230769232 0.8377403846153846 0.10697115384615384 0.14302884615384615
6 0.22235576923076922 0.4831730769230769 0.11298076923076923 0.04807692307692308
6 0.04567307692307692 0.4963942307692308 0.09134615384615384 0.07451923076923077
4 0.05889423076923077 0.8762019230769231 0.10216346153846154 0.13942307692307693
2 0.016826923076923076 0.7319711538461539 0.03365384615384615 0.14182692307692307
1 0.7524038461538461 0.5 0.08653846153846154 0.08173076923076923
9 0.9014423076923077 0.5793269230769231 0.07572115384615384 0.10336538461538461
8 0.8305288461538461 0.6358173076923077 0.078125 0.11057692307692307
2 0.7512019230769231 0.609375 0.08052884615384616 0.09735576923076923
8 0.7572115384615384 0.7115384615384616 0.07572115384615384 0.11177884615384616
5 0.8617788461538461 0.7403846153846154 0.08173076923076923 0.11298076923076923
6 0.9302884615384616 0.6814903846153846 0.07932692307692307 0.11298076923076923