3 0.3293269230769231 0.13581730769230768 0.12259615384615384 0.15865384615384615
3 0.040865384615384616 0.02283653846153846 0.08173076923076923 0.04567307692307692
3 0.23197115384615385 0.20793269230769232 0.11057692307692307 0.14783653846153846
8 0.28966346153846156 0.3125 0.10336538461538461 0.07211538461538461
4 0.1778846153846154 0.07211538461538461 0.09975961538461539 0.125
6 0.09014423076923077 0.16105769230769232 0.11177884615384616 0.1466346153846154
1 0.026442307692307692 0.23076923076923078 0.052884615384615384 0.14903846153846154
1 0.7319711538461539 0.09375 0.16706730769230768 0.11658653846153846
4 0.6298076923076923 0.12379807692307693 0.04326923076923077 0.12740384615384615
8 0.9014423076923077 0.21153846153846154 0.15745192307692307 0.11658653846153846
5 0.7475961538461539 0.234375 0.15144230769230768 0.12259615384615384
3 0.5600961538461539 0.5144230769230769 0.09615384615384616 0.09134615384615384
3 0.046875 0.8942307692307693 0.09375 0.125
4 0.5540865384615384 0.6201923076923077 0.10817307692307693 0.10576923076923077
0 0.22716346153846154 0.7367788461538461 0.13701923076923078 0.10697115384615384
1 0.4098557692307692 0.7884615384615384 0.13701923076923078 0.10336538461538461
1 0.2091346153846154 0.8425480769230769 0.13701923076923078 0.11778846153846154
9 0.10216346153846154 0.9639423076923077 0.16105769230769232 0.07211538461538461
9 0.5420673076923077 0.8052884615384616 0.13221153846153846 0.10576923076923077
9 0.9519230769230769 0.4098557692307692 0.09615384615384616 0.0985576923076923
1 0.8557692307692307 0.46033653846153844 0.13822115384615385 0.10576923076923077
4 0.9326923076923077 0.5649038461538461 0.1346153846153846 0.10576923076923077
4 0.7704326923076923 0.6983173076923077 0.12379807692307693 0.09735576923076923
5 0.7355769230769231 0.3870192307692308 0.12980769230769232 0.07692307692307693
8 0.6454326923076923 0.4326923076923077 0.07451923076923077 0.10576923076923077
7 0.7199519230769231 0.8076923076923077 0.12740384615384615 0.09254807692307693
10 0.8461538461538461 0.8209134615384616 0.12379807692307693 0.08774038461538461
0 0.8966346153846154 0.7151442307692307 0.12620192307692307 0.08653846153846154