11 0.4182692307692308 0.16466346153846154 0.0625 0.11298076923076923
7 0.37259615384615385 0.4735576923076923 0.15384615384615385 0.028846153846153848
3 0.4326923076923077 0.2776442307692308 0.03365384615384615 0.11298076923076923
8 0.32091346153846156 0.2439903846153846 0.14543269230769232 0.10697115384615384
5 0.35697115384615385 0.3545673076923077 0.1502403846153846 0.11658653846153846
9 0.07572115384615384 0.4050480769230769 0.15144230769230768 0.12259615384615384
1 0.19471153846153846 0.3329326923076923 0.16346153846153846 0.12259615384615384
9 0.8353365384615384 0.28125 0.08533653846153846 0.11298076923076923
6 0.7524038461538461 0.2403846153846154 0.09014423076923077 0.12139423076923077
11 0.9338942307692307 0.4074519230769231 0.08052884615384616 0.11177884615384616
3 0.9134615384615384 0.4723557692307692 0.08173076923076923 0.03125
9 0.8016826923076923 0.4723557692307692 0.08413461538461539 0.03125
5 0.7199519230769231 0.4543269230769231 0.09375 0.0673076923076923
6 0.6141826923076923 0.4699519230769231 0.0889423076923077 0.036057692307692304
1 0.5336538461538461 0.46153846153846156 0.08173076923076923 0.052884615384615384
8 0.265625 0.9651442307692307 0.18028846153846154 0.06971153846153846
7 0.7776442307692307 0.5721153846153846 0.2956730769230769 0.16826923076923078