2 0.7271634615384616 0.15745192307692307 0.12740384615384615 0.1622596153846154
2 0.8365384615384616 0.09254807692307693 0.12379807692307693 0.15384615384615385
7 0.9567307692307693 0.19951923076923078 0.08653846153846154 0.13942307692307693
9 0.8569711538461539 0.22956730769230768 0.11778846153846154 0.07932692307692307
2 0.02403846153846154 0.7331730769230769 0.04807692307692308 0.15865384615384615
3 0.25240384615384615 0.7283653846153846 0.19951923076923078 0.15504807692307693
1 0.140625 0.421875 0.15504807692307693 0.10336538461538461
0 0.030048076923076924 0.4230769230769231 0.06009615384615385 0.10576923076923077
10 0.3269230769230769 0.47115384615384615 0.18990384615384615 0.12259615384615384
6 0.43509615384615385 0.37740384615384615 0.1875 0.12259615384615384
9 0.21033653846153846 0.5877403846153846 0.17307692307692307 0.12740384615384615
8 0.8004807692307693 0.32091346153846156 0.09134615384615384 0.10336538461538461
10 0.8245192307692307 0.4362980769230769 0.0889423076923077 0.12139423076923077
0 0.9158653846153846 0.44350961538461536 0.09495192307692307 0.125
4 0.9026442307692307 0.328125 0.0985576923076923 0.11778846153846154
1 0.9591346153846154 0.5709134615384616 0.08173076923076923 0.12259615384615384
1 0.8737980769230769 0.6526442307692307 0.09134615384615384 0.12740384615384615
6 0.7848557692307693 0.5961538461538461 0.09134615384615384 0.12259615384615384
6 0.9579326923076923 0.6959134615384616 0.08413461538461539 0.12740384615384615
9 0.8725961538461539 0.7764423076923077 0.09254807692307693 0.12980769230769232
4 0.78125 0.7163461538461539 0.09254807692307693 0.12259615384615384