6 0.18509615384615385 0.051682692307692304 0.06009615384615385 0.07932692307692307
4 0.18269230769230768 0.12980769230769232 0.06009615384615385 0.078125
10 0.125 0.11177884615384616 0.05889423076923077 0.0829326923076923
6 0.06610576923076923 0.11057692307692307 0.057692307692307696 0.08173076923076923
1 0.020432692307692308 0.18269230769230768 0.040865384615384616 0.09615384615384616
4 0.07451923076923077 0.22115384615384615 0.05889423076923077 0.078125
0 0.1346153846153846 0.21514423076923078 0.06009615384615385 0.08052884615384616
9 0.06129807692307692 0.036057692307692304 0.06009615384615385 0.07211538461538461
8 0.11899038461538461 0.03485576923076923 0.06009615384615385 0.06971153846153846
6 0.03485576923076923 0.3161057692307692 0.06009615384615385 0.0829326923076923
11 0.125 0.3449519230769231 0.06009615384615385 0.0829326923076923
3 0.18269230769230768 0.3449519230769231 0.06009615384615385 0.08052884615384616
7 0.02403846153846154 0.39783653846153844 0.04807692307692308 0.08413461538461539
8 0.9519230769230769 0.3629807692307692 0.09615384615384616 0.17307692307692307
7 0.9122596153846154 0.5288461538461539 0.12740384615384615 0.17427884615384615
11 0.7079326923076923 0.5877403846153846 0.12139423076923077 0.171875
3 0.6177884615384616 0.4891826923076923 0.11778846153846154 0.16947115384615385
6 0.3088942307692308 0.8942307692307693 0.140625 0.109375
2 0.11298076923076923 0.8882211538461539 0.14423076923076922 0.11778846153846154
4 0.3425480769230769 0.9699519230769231 0.13221153846153846 0.06009615384615385
8 0.16826923076923078 0.96875 0.14423076923076922 0.0625
3 0.7884615384615384 0.9002403846153846 0.12860576923076922 0.09014423076923077
4 0.78125 0.9759615384615384 0.13942307692307693 0.04807692307692308