3 0.06490384615384616 0.19831730769230768 0.12980769230769232 0.11298076923076923
8 0.18629807692307693 0.13701923076923078 0.17548076923076922 0.12259615384615384
6 0.38100961538461536 0.14783653846153846 0.1502403846153846 0.10817307692307693
2 0.359375 0.046875 0.1466346153846154 0.09375
9 0.6129807692307693 0.39783653846153844 0.125 0.06009615384615385
7 0.7379807692307693 0.3954326923076923 0.125 0.06490384615384616
2 0.8569711538461539 0.35096153846153844 0.12259615384615384 0.09375
3 0.8557692307692307 0.25841346153846156 0.12620192307692307 0.09375
3 0.039663461538461536 0.546875 0.07932692307692307 0.15144230769230768
9 0.1141826923076923 0.7824519230769231 0.16346153846153846 0.12740384615384615
7 0.16466346153846154 0.6502403846153846 0.19110576923076922 0.13822115384615385
11 0.33533653846153844 0.7319711538461539 0.17668269230769232 0.13701923076923078
0 0.2764423076923077 0.8569711538461539 0.18028846153846154 0.11538461538461539
3 0.46875 0.8834134615384616 0.08173076923076923 0.12740384615384615
8 0.7403846153846154 0.9002403846153846 0.2932692307692308 0.19951923076923078
8 0.7620192307692307 0.6923076923076923 0.296875 0.21514423076923078