9 0.24759615384615385 0.3605769230769231 0.09014423076923077 0.1201923076923077
11 0.16105769230769232 0.35096153846153844 0.08413461538461539 0.11778846153846154
2 0.171875 0.234375 0.09134615384615384 0.11298076923076923
8 0.0829326923076923 0.2091346153846154 0.08653846153846154 0.109375
9 0.8533653846153846 0.12139423076923077 0.12259615384615384 0.08774038461538461
8 0.7391826923076923 0.21033653846153846 0.1346153846153846 0.10576923076923077
8 0.84375 0.038461538461538464 0.125 0.07692307692307693
2 0.5769230769230769 0.17908653846153846 0.09615384615384616 0.10817307692307693
2 0.6682692307692307 0.1201923076923077 0.14182692307692307 0.10697115384615384
5 0.6201923076923077 0.2668269230769231 0.1310096153846154 0.10096153846153846
11 0.4963942307692308 0.8774038461538461 0.06490384615384616 0.125
7 0.5 0.7512019230769231 0.057692307692307696 0.12259615384615384
2 0.3425480769230769 0.6959134615384616 0.1045673076923077 0.14423076923076922
3 0.28365384615384615 0.5841346153846154 0.1045673076923077 0.13701923076923078
10 0.24519230769230768 0.7824519230769231 0.10216346153846154 0.13942307692307693
7 0.1502403846153846 0.8389423076923077 0.10096153846153846 0.13942307692307693
9 0.18389423076923078 0.5324519230769231 0.10817307692307693 0.14423076923076922
10 0.27163461538461536 0.48677884615384615 0.10576923076923077 0.07451923076923077
7 0.09735576923076923 0.5552884615384616 0.11057692307692307 0.14182692307692307
9 0.028846153846153848 0.6165865384615384 0.057692307692307696 0.13701923076923078
8 0.3858173076923077 0.5709134615384616 0.10336538461538461 0.14182692307692307
2 0.4735576923076923 0.5132211538461539 0.10096153846153846 0.12740384615384615
3 0.6634615384615384 0.9651442307692307 0.12980769230769232 0.06971153846153846
3 0.6322115384615384 0.5384615384615384 0.15384615384615385 0.1201923076923077
2 0.8677884615384616 0.8521634615384616 0.1201923076923077 0.09134615384615384
2 0.5480769230769231 0.6802884615384616 0.038461538461538464 0.09615384615384616
8 0.6213942307692307 0.796875 0.11899038461538461 0.09134615384615384
8 0.7379807692307693 0.6165865384615384 0.14302884615384615 0.11298076923076923
8 0.5456730769230769 0.49399038461538464 0.03365384615384615 0.0889423076923077
9 0.6310096153846154 0.7043269230769231 0.12379807692307693 0.08653846153846154
6 0.7439903846153846 0.8509615384615384 0.11177884615384616 0.09134615384615384
11 0.6117788461538461 0.8930288461538461 0.12620192307692307 0.09615384615384616