9 0.6298076923076923 0.4387019230769231 0.057692307692307696 0.06009615384615385
9 0.15985576923076922 0.36899038461538464 0.11538461538461539 0.08052884615384616
9 0.265625 0.2920673076923077 0.11057692307692307 0.07932692307692307
9 0.3894230769230769 0.20793269230769232 0.10697115384615384 0.07932692307692307
1 0.4074519230769231 0.4375 0.10817307692307693 0.0625
1 0.5420673076923077 0.4423076923076923 0.11298076923076923 0.052884615384615384
1 0.5120192307692307 0.3798076923076923 0.11177884615384616 0.08413461538461539
10 0.40384615384615385 0.36778846153846156 0.10697115384615384 0.08173076923076923
10 0.37259615384615385 0.28725961538461536 0.10697115384615384 0.07932692307692307
8 0.2980769230769231 0.36899038461538464 0.10817307692307693 0.08533653846153846
8 0.6298076923076923 0.2848557692307692 0.057692307692307696 0.07932692307692307
4 0.3016826923076923 0.4387019230769231 0.10817307692307693 0.06009615384615385
6 0.6141826923076923 0.36899038461538464 0.0889423076923077 0.07451923076923077
11 0.05048076923076923 0.36899038461538464 0.10096153846153846 0.07932692307692307
5 0.28125 0.2091346153846154 0.11057692307692307 0.078125
2 0.5456730769230769 0.296875 0.11177884615384616 0.0829326923076923
3 0.9723557692307693 0.4230769230769231 0.055288461538461536 0.09134615384615384
4 0.7764423076923077 0.34975961538461536 0.13822115384615385 0.1045673076923077
2 0.6862980769230769 0.38100961538461536 0.055288461538461536 0.09375
7 0.5024038461538461 0.8677884615384616 0.20552884615384615 0.15504807692307693
10 0.4026442307692308 0.7235576923076923 0.2127403846153846 0.1622596153846154
3 0.45072115384615385 0.5288461538461539 0.19951923076923078 0.1201923076923077
9 0.6081730769230769 0.5432692307692307 0.10096153846153846 0.14903846153846154
6 0.6875 0.8173076923076923 0.057692307692307696 0.09134615384615384
6 0.6983173076923077 0.7247596153846154 0.07932692307692307 0.0889423076923077
9 0.6959134615384616 0.6370192307692307 0.07451923076923077 0.08653846153846154
4 0.6911057692307693 0.5504807692307693 0.06490384615384616 0.08653846153846154