1 0.06610576923076923 0.09134615384615384 0.13221153846153846 0.15384615384615385
4 0.6706730769230769 0.18269230769230768 0.11538461538461539 0.08653846153846154
5 0.4651442307692308 0.025240384615384616 0.11298076923076923 0.05048076923076923
8 0.859375 0.21995192307692307 0.14182692307692307 0.07932692307692307
8 0.921875 0.12860576923076922 0.12980769230769232 0.08173076923076923
9 0.5853365384615384 0.09735576923076923 0.11177884615384616 0.078125
9 0.5769230769230769 0.028846153846153848 0.11057692307692307 0.057692307692307696
9 0.46634615384615385 0.09014423076923077 0.11298076923076923 0.07572115384615384
11 0.8822115384615384 0.051682692307692304 0.12740384615384615 0.07211538461538461
2 0.5528846153846154 0.17908653846153846 0.1201923076923077 0.08052884615384616
2 0.42427884615384615 0.17548076923076922 0.03125 0.08173076923076923
9 0.021634615384615384 0.3798076923076923 0.04326923076923077 0.11057692307692307
10 0.19591346153846154 0.6225961538461539 0.16105769230769232 0.11778846153846154
7 0.11298076923076923 0.4026442307692308 0.1466346153846154 0.11778846153846154
8 0.06971153846153846 0.5588942307692307 0.13942307692307693 0.11778846153846154
4 0.04326923076923077 0.6959134615384616 0.08653846153846154 0.11778846153846154
1 0.46274038461538464 0.3894230769230769 0.10817307692307693 0.10576923076923077
4 0.4230769230769231 0.4951923076923077 0.028846153846153848 0.10576923076923077
4 0.5348557692307693 0.6286057692307693 0.12379807692307693 0.09735576923076923
5 0.5673076923076923 0.3076923076923077 0.12980769230769232 0.09615384615384616
8 0.6875 0.3641826923076923 0.13221153846153846 0.10697115384615384
7 0.5853365384615384 0.7379807692307693 0.12740384615384615 0.09254807692307693
10 0.4639423076923077 0.75 0.11057692307692307 0.08653846153846154
0 0.43990384615384615 0.6442307692307693 0.0625 0.08653846153846154