10 0.5132211538461539 0.4723557692307692 0.16105769230769232 0.03125
3 0.3473557692307692 0.3713942307692308 0.15745192307692307 0.11658653846153846
4 0.33413461538461536 0.46634615384615385 0.17307692307692307 0.04326923076923077
9 0.15865384615384615 0.41947115384615385 0.16706730769230768 0.12259615384615384
1 0.042067307692307696 0.44471153846153844 0.08413461538461539 0.08653846153846154
0 0.3389423076923077 0.24639423076923078 0.16346153846153846 0.12740384615384615
2 0.5228365384615384 0.39663461538461536 0.1658653846153846 0.125
8 0.7103365384615384 0.08653846153846154 0.09134615384615384 0.11899038461538461
9 0.9134615384615384 0.027644230769230768 0.09615384615384616 0.055288461538461536
5 0.8197115384615384 0.013221153846153846 0.09134615384615384 0.026442307692307692
7 0.5745192307692307 0.9375 0.08653846153846154 0.11057692307692307
3 0.38461538461538464 0.9483173076923077 0.09134615384615384 0.10336538461538461
4 0.25961538461538464 0.9579326923076923 0.08173076923076923 0.08413461538461539
7 0.2403846153846154 0.8774038461538461 0.09615384615384616 0.12379807692307693
9 0.4266826923076923 0.8233173076923077 0.09615384615384616 0.12860576923076922
1 0.35096153846153844 0.7548076923076923 0.09735576923076923 0.125
11 0.15745192307692307 0.9302884615384616 0.09254807692307693 0.12259615384615384
10 0.5685096153846154 0.8245192307692307 0.08173076923076923 0.109375