6 0.3293269230769231 0.28725961538461536 0.06009615384615385 0.07932692307692307
4 0.3269230769230769 0.36538461538461536 0.06009615384615385 0.078125
10 0.2692307692307692 0.3473557692307692 0.05889423076923077 0.0829326923076923
6 0.21033653846153846 0.34615384615384615 0.057692307692307696 0.08173076923076923
1 0.15264423076923078 0.4182692307692308 0.06850961538461539 0.09615384615384616
4 0.21875 0.4567307692307692 0.05889423076923077 0.078125
0 0.27884615384615385 0.45072115384615385 0.06009615384615385 0.08052884615384616
4 0.11899038461538461 0.3485576923076923 0.06850961538461539 0.09375
9 0.20552884615384615 0.2692307692307692 0.06009615384615385 0.07932692307692307
8 0.2644230769230769 0.26802884615384615 0.05889423076923077 0.07572115384615384
8 0.051682692307692304 0.39302884615384615 0.0625 0.08413461538461539
5 0.06971153846153846 0.47115384615384615 0.06971153846153846 0.08173076923076923
6 0.17908653846153846 0.5516826923076923 0.06009615384615385 0.0829326923076923
11 0.2692307692307692 0.5805288461538461 0.06009615384615385 0.0829326923076923
3 0.3269230769230769 0.5805288461538461 0.06009615384615385 0.08052884615384616
7 0.16346153846153846 0.6334134615384616 0.06009615384615385 0.08413461538461539
9 0.9627403846153846 0.39663461538461536 0.07451923076923077 0.10096153846153846
9 0.8401442307692307 0.3581730769230769 0.13942307692307693 0.10697115384615384
8 0.5192307692307693 0.26322115384615385 0.1201923076923077 0.0985576923076923
2 0.5 0.3557692307692308 0.08173076923076923 0.09615384615384616
7 0.7632211538461539 0.4411057692307692 0.14182692307692307 0.10576923076923077
10 0.9519230769230769 0.4891826923076923 0.09615384615384616 0.0889423076923077
1 0.19230769230769232 0.8425480769230769 0.08653846153846154 0.12139423076923077
4 0.1346153846153846 0.7644230769230769 0.0889423076923077 0.109375
9 0.04326923076923077 0.9399038461538461 0.07572115384615384 0.10336538461538461
8 0.11298076923076923 0.9699519230769231 0.07692307692307693 0.06009615384615385
2 0.19230769230769232 0.9603365384615384 0.08173076923076923 0.07932692307692307
11 0.9074519230769231 0.8966346153846154 0.13942307692307693 0.10216346153846154
11 0.6225961538461539 0.9711538461538461 0.1346153846153846 0.057692307692307696
8 0.7692307692307693 0.8737980769230769 0.13822115384615385 0.10336538461538461
7 0.8966346153846154 0.9735576923076923 0.14423076923076922 0.052884615384615384
7 0.5072115384615384 0.9627403846153846 0.09615384615384616 0.07451923076923077
0 0.5108173076923077 0.8737980769230769 0.10336538461538461 0.10336538461538461
3 0.6310096153846154 0.8918269230769231 0.13822115384615385 0.1045673076923077
5 0.7632211538461539 0.9603365384615384 0.14182692307692307 0.07932692307692307