5 0.16346153846153846 0.14182692307692307 0.13221153846153846 0.18870192307692307
9 0.056490384615384616 0.06009615384615385 0.11298076923076923 0.1201923076923077
7 0.8810096153846154 0.13581730769230768 0.23798076923076922 0.20432692307692307
0 0.5216346153846154 0.14783653846153846 0.16346153846153846 0.18028846153846154
5 0.2091346153846154 0.7620192307692307 0.125 0.09615384615384616
9 0.1045673076923077 0.7091346153846154 0.12379807692307693 0.09375
2 0.14182692307692307 0.5901442307692307 0.1201923076923077 0.08774038461538461
3 0.046875 0.5612980769230769 0.09375 0.08413461538461539
11 0.03485576923076923 0.4182692307692308 0.06971153846153846 0.09615384615384616
2 0.6526442307692307 0.7728365384615384 0.21875 0.1502403846153846
2 0.5096153846153846 0.6947115384615384 0.13942307692307693 0.16346153846153846