3 0.15865384615384615 0.4651442307692308 0.06850961538461539 0.10817307692307693
3 0.14543269230769232 0.3557692307692308 0.06850961538461539 0.10697115384615384
4 0.02283653846153846 0.4963942307692308 0.04567307692307692 0.10817307692307693
9 0.12740384615384615 0.06490384615384616 0.07091346153846154 0.10576923076923077
2 0.016826923076923076 0.3858173076923077 0.03365384615384615 0.10817307692307693
8 0.054086538461538464 0.07211538461538461 0.08052884615384616 0.1141826923076923
2 0.6550480769230769 0.21394230769230768 0.20192307692307693 0.14543269230769232
2 0.6682692307692307 0.07091346153846154 0.20673076923076922 0.14182692307692307
1 0.055288461538461536 0.7391826923076923 0.08653846153846154 0.12139423076923077
4 0.11298076923076923 0.8173076923076923 0.0889423076923077 0.109375
9 0.203125 0.6502403846153846 0.07451923076923077 0.08413461538461539
8 0.13221153846153846 0.6237980769230769 0.07692307692307693 0.03125
2 0.052884615384615384 0.6334134615384616 0.08173076923076923 0.05048076923076923
7 0.35096153846153844 0.8449519230769231 0.14423076923076922 0.11298076923076923
2 0.4723557692307692 0.6502403846153846 0.1658653846153846 0.08413461538461539
0 0.3161057692307692 0.7391826923076923 0.07451923076923077 0.10817307692307693