9 0.14302884615384615 0.30408653846153844 0.09375 0.0673076923076923
8 0.2800480769230769 0.2127403846153846 0.09375 0.06971153846153846
8 0.3016826923076923 0.3425480769230769 0.09375 0.05048076923076923
8 0.11538461538461539 0.18269230769230768 0.08653846153846154 0.06971153846153846
1 0.22596153846153846 0.33052884615384615 0.09375 0.0673076923076923
1 0.19831730769230768 0.24519230769230768 0.10096153846153846 0.06971153846153846
11 0.375 0.3581730769230769 0.09134615384615384 0.019230769230769232
3 0.4014423076923077 0.3317307692307692 0.052884615384615384 0.07211538461538461
10 0.4170673076923077 0.265625 0.021634615384615384 0.06009615384615385
2 0.19831730769230768 0.16706730769230768 0.08413461538461539 0.07091346153846154
6 0.38461538461538464 0.16105769230769232 0.08653846153846154 0.0673076923076923
5 0.3581730769230769 0.29447115384615385 0.08653846153846154 0.07211538461538461
5 0.7019230769230769 0.16947115384615385 0.12259615384615384 0.15625
8 0.8149038461538461 0.11778846153846154 0.12139423076923077 0.1622596153846154
10 0.59375 0.06971153846153846 0.11538461538461539 0.13942307692307693
9 0.7079326923076923 0.04326923076923077 0.11778846153846154 0.08653846153846154
4 0.34134615384615385 0.8605769230769231 0.17307692307692307 0.15865384615384615
0 0.5396634615384616 0.6009615384615384 0.22355769230769232 0.1971153846153846
0 0.5769230769230769 0.43509615384615385 0.2980769230769231 0.1346153846153846
4 0.8665865384615384 0.6430288461538461 0.2668269230769231 0.19471153846153846
11 0.8882211538461539 0.4579326923076923 0.22355769230769232 0.18028846153846154