2 0.6310096153846154 0.2247596153846154 0.09375 0.09375
1 0.1502403846153846 0.31850961538461536 0.12740384615384615 0.10576923076923077
1 0.4423076923076923 0.3605769230769231 0.13221153846153846 0.10336538461538461
9 0.6430288461538461 0.4567307692307692 0.06971153846153846 0.08653846153846154
11 0.2860576923076923 0.31490384615384615 0.13221153846153846 0.10096153846153846
0 0.43990384615384615 0.2548076923076923 0.12740384615384615 0.09495192307692307
4 0.6213942307692307 0.3233173076923077 0.11298076923076923 0.10336538461538461
11 0.9603365384615384 0.07451923076923077 0.07572115384615384 0.10096153846153846
5 0.4855769230769231 0.5733173076923077 0.09735576923076923 0.12980769230769232
0 0.3954326923076923 0.5877403846153846 0.0985576923076923 0.13822115384615385
2 0.3245192307692308 0.5372596153846154 0.10576923076923077 0.07451923076923077
3 0.24278846153846154 0.5793269230769231 0.10697115384615384 0.12620192307692307
7 0.30649038461538464 0.6730769230769231 0.09975961538461539 0.1310096153846154
9 0.5036057692307693 0.6971153846153846 0.09495192307692307 0.12980769230769232
7 0.7584134615384616 0.5480769230769231 0.0889423076923077 0.09615384615384616
0 0.8545673076923077 0.6923076923076923 0.09134615384615384 0.125
0 0.6971153846153846 0.5757211538461539 0.038461538461538464 0.12259615384615384
11 0.7079326923076923 0.7247596153846154 0.06009615384615385 0.12259615384615384
4 0.7728365384615384 0.78125 0.09735576923076923 0.12980769230769232