10 0.44711538461538464 0.3173076923076923 0.10216346153846154 0.14182692307692307
9 0.4951923076923077 0.38822115384615385 0.10096153846153846 0.040865384615384616
4 0.3125 0.22355769230769232 0.09495192307692307 0.12980769230769232
0 0.3269230769230769 0.3473557692307692 0.09615384615384616 0.12259615384615384
6 0.20432692307692307 0.2283653846153846 0.09375 0.12740384615384615
1 0.11177884615384616 0.23557692307692307 0.0889423076923077 0.12980769230769232
7 0.7055288461538461 0.04447115384615385 0.17067307692307693 0.0889423076923077
7 0.41225961538461536 0.8894230769230769 0.1346153846153846 0.10336538461538461
10 0.46153846153846156 0.43509615384615385 0.13942307692307693 0.052884615384615384
0 0.5228365384615384 0.5132211538461539 0.13221153846153846 0.0985576923076923
4 0.3894230769230769 0.5108173076923077 0.1346153846153846 0.10096153846153846
2 0.453125 0.7115384615384616 0.13221153846153846 0.10096153846153846
3 0.5564903846153846 0.7127403846153846 0.06490384615384616 0.0985576923076923
11 0.5324519230769231 0.8918269230769231 0.11298076923076923 0.09615384615384616
8 0.9362980769230769 0.4987980769230769 0.12740384615384615 0.11298076923076923
0 0.9278846153846154 0.6129807692307693 0.14423076923076922 0.125
6 0.9362980769230769 0.7367788461538461 0.12740384615384615 0.13701923076923078