3 0.3137019230769231 0.3269230769230769 0.19951923076923078 0.14423076923076922
11 0.20793269230769232 0.21514423076923078 0.1935096153846154 0.13221153846153846
0 0.8233173076923077 0.36899038461538464 0.10817307692307693 0.06009615384615385
9 0.3088942307692308 0.7668269230769231 0.09495192307692307 0.11778846153846154
11 0.22115384615384615 0.8016826923076923 0.09134615384615384 0.1141826923076923
6 0.14302884615384615 0.7127403846153846 0.09375 0.13822115384615385
1 0.08173076923076923 0.8052884615384616 0.09735576923076923 0.13581730769230768
8 0.019230769230769232 0.7439903846153846 0.038461538461538464 0.12740384615384615
10 0.04326923076923077 0.6334134615384616 0.08653846153846154 0.12259615384615384
7 0.042067307692307696 0.9038461538461539 0.08413461538461539 0.12980769230769232
8 0.8653846153846154 0.7608173076923077 0.1346153846153846 0.17427884615384615
7 0.8064903846153846 0.9182692307692307 0.12740384615384615 0.16346153846153846
11 0.6009615384615384 0.9483173076923077 0.1201923076923077 0.10336538461538461
3 0.5144230769230769 0.8846153846153846 0.11057692307692307 0.16826923076923078