5 0.38822115384615385 0.039663461538461536 0.13701923076923078 0.07932692307692307
0 0.12139423076923077 0.019230769230769232 0.13701923076923078 0.038461538461538464
9 0.32211538461538464 0.11778846153846154 0.14182692307692307 0.10697115384615384
6 0.9254807692307693 0.040865384615384616 0.125 0.08173076923076923
4 0.7992788461538461 0.03485576923076923 0.12259615384615384 0.06971153846153846
9 0.9375 0.21875 0.125 0.09615384615384616
7 0.8137019230769231 0.22355769230769232 0.12379807692307693 0.09375
2 0.6959134615384616 0.28365384615384615 0.12259615384615384 0.09375
3 0.6959134615384616 0.3485576923076923 0.12740384615384615 0.038461538461538464
0 0.33653846153846156 0.3762019230769231 0.11057692307692307 0.016826923076923076
0 0.42427884615384615 0.6033653846153846 0.11538461538461539 0.07451923076923077
0 0.4362980769230769 0.6802884615384616 0.125 0.08052884615384616
4 0.2932692307692308 0.42427884615384615 0.0985576923076923 0.0625
4 0.10096153846153846 0.7692307692307693 0.11538461538461539 0.08653846153846154
5 0.30649038461538464 0.6021634615384616 0.1141826923076923 0.06971153846153846
5 0.6069711538461539 0.7824519230769231 0.04567307692307692 0.0889423076923077
6 0.5600961538461539 0.6971153846153846 0.12259615384615384 0.08413461538461539
6 0.4651442307692308 0.42427884615384615 0.09975961538461539 0.06009615384615385
7 0.19471153846153846 0.4266826923076923 0.09975961538461539 0.0625
7 0.07932692307692307 0.39783653846153844 0.10817307692307693 0.054086538461538464
7 0.06610576923076923 0.45552884615384615 0.109375 0.06009615384615385
8 0.5432692307692307 0.5108173076923077 0.10697115384615384 0.06370192307692307
9 0.18629807692307693 0.6838942307692307 0.11177884615384616 0.078125
9 0.1935096153846154 0.609375 0.11057692307692307 0.07091346153846154
9 0.30528846153846156 0.6766826923076923 0.11298076923076923 0.07572115384615384
9 0.328125 0.53125 0.10817307692307693 0.0673076923076923
9 0.5384615384615384 0.6045673076923077 0.109375 0.06971153846153846
11 0.20552884615384615 0.5360576923076923 0.109375 0.06490384615384616
3 0.0985576923076923 0.5396634615384616 0.10576923076923077 0.06610576923076923
2 0.21875 0.765625 0.1201923076923077 0.08052884615384616
2 0.3894230769230769 0.7632211538461539 0.11538461538461539 0.08052884615384616
2 0.3894230769230769 0.8509615384615384 0.12860576923076922 0.09375
2 0.5168269230769231 0.7848557692307693 0.12860576923076922 0.08413461538461539
2 0.6141826923076923 0.5108173076923077 0.03125 0.06490384615384616
2 0.5685096153846154 0.41947115384615385 0.10336538461538461 0.05889423076923077
10 0.6586538461538461 0.7836538461538461 0.057692307692307696 0.14903846153846154