6 0.15625 0.020432692307692308 0.125 0.040865384615384616
4 0.2824519230769231 0.014423076923076924 0.12259615384615384 0.028846153846153848
9 0.14543269230769232 0.1778846153846154 0.125 0.09615384615384616
7 0.2704326923076923 0.18269230769230768 0.12379807692307693 0.09375
2 0.38822115384615385 0.24278846153846154 0.12259615384615384 0.09375
3 0.3870192307692308 0.33533653846153844 0.12620192307692307 0.09375
3 0.6634615384615384 0.16346153846153846 0.14182692307692307 0.10697115384615384
3 0.6081730769230769 0.2512019230769231 0.1201923076923077 0.11778846153846154
9 0.8798076923076923 0.2247596153846154 0.12259615384615384 0.08774038461538461
8 0.9627403846153846 0.1346153846153846 0.07451923076923077 0.10576923076923077
8 0.8882211538461539 0.31971153846153844 0.12379807692307693 0.10096153846153846
2 0.9182692307692307 0.43509615384615385 0.14543269230769232 0.11778846153846154
10 0.8197115384615384 0.5204326923076923 0.15865384615384615 0.125
7 0.96875 0.5204326923076923 0.0625 0.11298076923076923
7 0.9074519230769231 0.609375 0.15144230769230768 0.11778846153846154
3 0.08173076923076923 0.7223557692307693 0.13942307692307693 0.10817307692307693
9 0.36177884615384615 0.7007211538461539 0.12259615384615384 0.06490384615384616
8 0.3713942307692308 0.7860576923076923 0.12379807692307693 0.10096153846153846
2 0.4014423076923077 0.9014423076923077 0.14543269230769232 0.11778846153846154
2 0.5120192307692307 0.7067307692307693 0.07211538461538461 0.07692307692307693
10 0.30288461538461536 0.9615384615384616 0.15865384615384615 0.07692307692307693
7 0.484375 0.9651442307692307 0.12740384615384615 0.06971153846153846
6 0.5600961538461539 0.9555288461538461 0.02403846153846154 0.07932692307692307
10 0.6021634615384616 0.9867788461538461 0.06009615384615385 0.026442307692307692
6 0.6610576923076923 0.9867788461538461 0.057692307692307696 0.026442307692307692
4 0.7524038461538461 0.984375 0.0673076923076923 0.03125
9 0.6670673076923077 0.9375 0.06009615384615385 0.07932692307692307
8 0.6081730769230769 0.9362980769230769 0.05889423076923077 0.07572115384615384