9 0.22716346153846154 0.5 0.0985576923076923 0.08173076923076923
9 0.7175480769230769 0.41947115384615385 0.11538461538461539 0.08052884615384616
9 0.6117788461538461 0.3425480769230769 0.11057692307692307 0.07932692307692307
9 0.4879807692307692 0.25841346153846156 0.10697115384615384 0.07932692307692307
1 0.46875 0.4987980769230769 0.109375 0.0829326923076923
1 0.33533653846153844 0.5096153846153846 0.11298076923076923 0.08653846153846154
1 0.36538461538461536 0.43028846153846156 0.11177884615384616 0.08413461538461539
10 0.4735576923076923 0.4182692307692308 0.10697115384615384 0.08173076923076923
10 0.5048076923076923 0.33774038461538464 0.10697115384615384 0.07932692307692307
8 0.5793269230769231 0.41947115384615385 0.10817307692307693 0.08533653846153846
8 0.22596153846153846 0.33533653846153844 0.09615384615384616 0.07932692307692307
4 0.5745192307692307 0.5 0.10697115384615384 0.08052884615384616
6 0.25240384615384615 0.4206730769230769 0.11057692307692307 0.07572115384615384
11 0.8293269230769231 0.4206730769230769 0.10576923076923077 0.08052884615384616
5 0.5961538461538461 0.25961538461538464 0.11057692307692307 0.078125
2 0.3317307692307692 0.3473557692307692 0.11177884615384616 0.0829326923076923
2 0.09134615384615384 0.8209134615384616 0.06490384615384616 0.08774038461538461
7 0.1502403846153846 0.8137019230769231 0.055288461538461536 0.07932692307692307
6 0.15985576923076922 0.6850961538461539 0.036057692307692304 0.052884615384615384
9 0.12620192307692307 0.7175480769230769 0.06490384615384616 0.09134615384615384
3 0.0673076923076923 0.7451923076923077 0.057692307692307696 0.0829326923076923
7 0.2764423076923077 0.9459134615384616 0.1971153846153846 0.10817307692307693
7 0.49158653846153844 0.9543269230769231 0.23317307692307693 0.09134615384615384
5 0.7548076923076923 0.765625 0.25721153846153844 0.17427884615384615
5 0.27163461538461536 0.8100961538461539 0.1875 0.16346153846153846
9 0.5012019230769231 0.8257211538461539 0.23918269230769232 0.16346153846153846
11 0.7307692307692307 0.9290865384615384 0.2403846153846154 0.14182692307692307