9 0.27163461538461536 0.15625 0.09014423076923077 0.1201923076923077
11 0.3581730769230769 0.1658653846153846 0.08413461538461539 0.11778846153846154
2 0.3473557692307692 0.2824519230769231 0.09134615384615384 0.11298076923076923
8 0.4362980769230769 0.3076923076923077 0.08653846153846154 0.109375
8 0.7824519230769231 0.3293269230769231 0.09735576923076923 0.12980769230769232
10 0.9375 0.234375 0.09615384615384616 0.12980769230769232
9 0.9146634615384616 0.36658653846153844 0.10096153846153846 0.14543269230769232
2 0.7644230769230769 0.46274038461538464 0.09975961538461539 0.13221153846153846
9 0.06129807692307692 0.9903846153846154 0.12259615384615384 0.019230769230769232
8 0.17668269230769232 0.9362980769230769 0.1346153846153846 0.10576923076923077
2 0.3581730769230769 0.9555288461538461 0.13942307692307693 0.0889423076923077
2 0.24639423076923078 0.9855769230769231 0.14182692307692307 0.028846153846153848
5 0.2956730769230769 0.8798076923076923 0.1310096153846154 0.10096153846153846
9 0.7596153846153846 0.8737980769230769 0.0985576923076923 0.07091346153846154
1 0.8545673076923077 0.8713942307692307 0.09495192307692307 0.07211538461538461
1 0.9483173076923077 0.8870192307692307 0.10336538461538461 0.07211538461538461
4 0.8629807692307693 0.9795673076923077 0.10096153846153846 0.040865384615384616