9 0.08413461538461539 0.23918269230769232 0.12620192307692307 0.10697115384615384
3 0.019230769230769232 0.171875 0.038461538461538464 0.08413461538461539
11 0.03485576923076923 0.3125 0.06971153846153846 0.09615384615384616
5 0.6814903846153846 0.03365384615384615 0.2764423076923077 0.0673076923076923
5 0.6694711538461539 0.171875 0.2668269230769231 0.19110576923076922
5 0.9026442307692307 0.17427884615384615 0.19471153846153846 0.20432692307692307
1 0.22596153846153846 0.8149038461538461 0.14423076923076922 0.109375
6 0.09975961538461539 0.8798076923076923 0.16346153846153846 0.1201923076923077
5 0.4362980769230769 0.5685096153846154 0.09375 0.0985576923076923
5 0.5949519230769231 0.5649038461538461 0.18509615384615385 0.09134615384615384
10 0.6790865384615384 0.8125 0.21153846153846154 0.16466346153846154
1 0.9350961538461539 0.7764423076923077 0.12980769230769232 0.14903846153846154
3 0.7992788461538461 0.6814903846153846 0.203125 0.15865384615384615
3 0.9651442307692307 0.6322115384615384 0.06971153846153846 0.14903846153846154