7 0.01201923076923077 0.2548076923076923 0.02403846153846154 0.1201923076923077
0 0.06850961538461539 0.2956730769230769 0.09134615384615384 0.12379807692307693
7 0.20432692307692307 0.3293269230769231 0.09375 0.12860576923076922
3 0.1310096153846154 0.3954326923076923 0.09254807692307693 0.12860576923076922
10 0.1971153846153846 0.45913461538461536 0.09134615384615384 0.08173076923076923
8 0.11057692307692307 0.48677884615384615 0.09134615384615384 0.026442307692307692
11 0.04567307692307692 0.4411057692307692 0.09134615384615384 0.11778846153846154
9 0.2860576923076923 0.4411057692307692 0.09615384615384616 0.11778846153846154
10 0.2860576923076923 0.2608173076923077 0.09615384615384616 0.12980769230769232
4 0.35216346153846156 0.3629807692307692 0.07451923076923077 0.12980769230769232
6 0.3786057692307692 0.24639423076923078 0.021634615384615384 0.12740384615384615
1 0.359375 0.46634615384615385 0.06009615384615385 0.0673076923076923
10 0.6778846153846154 0.13341346153846154 0.15745192307692307 0.11899038461538461
10 0.48197115384615385 0.40384615384615385 0.1310096153846154 0.10336538461538461
7 0.5264423076923077 0.3016826923076923 0.13701923076923078 0.11057692307692307
9 0.7848557692307693 0.21394230769230768 0.15985576923076922 0.12259615384615384
1 0.7788461538461539 0.3581730769230769 0.12980769230769232 0.10576923076923077
1 0.5997596153846154 0.47596153846153844 0.12259615384615384 0.04807692307692308
4 0.6334134615384616 0.4014423076923077 0.13581730769230768 0.10096153846153846
6 0.7403846153846154 0.45552884615384615 0.12980769230769232 0.0889423076923077
1 0.2247596153846154 0.7752403846153846 0.11177884615384616 0.08413461538461539
4 0.33533653846153844 0.7908653846153846 0.10817307692307693 0.08653846153846154
6 0.1346153846153846 0.9699519230769231 0.12980769230769232 0.06009615384615385
6 0.34615384615384615 0.8762019230769231 0.08653846153846154 0.0889423076923077
7 0.3076923076923077 0.9579326923076923 0.11057692307692307 0.08413461538461539
2 0.6923076923076923 0.8605769230769231 0.13221153846153846 0.09375
1 0.9002403846153846 0.9711538461538461 0.13221153846153846 0.057692307692307696
0 0.9038461538461539 0.8894230769230769 0.12740384615384615 0.09495192307692307
4 0.7079326923076923 0.953125 0.13701923076923078 0.09375