6 0.4014423076923077 0.04567307692307692 0.09615384615384616 0.09134615384615384
6 0.1622596153846154 0.28846153846153844 0.16947115384615385 0.12259615384615384
10 0.3942307692307692 0.14903846153846154 0.11057692307692307 0.125
2 0.14182692307692307 0.4182692307692308 0.17427884615384615 0.12740384615384615
9 0.9290865384615384 0.3786057692307692 0.08173076923076923 0.06370192307692307
4 0.6766826923076923 0.45552884615384615 0.078125 0.07091346153846154
6 0.7596153846153846 0.4206730769230769 0.08173076923076923 0.06009615384615385
10 0.7199519230769231 0.5216346153846154 0.08173076923076923 0.06009615384615385
1 0.6274038461538461 0.5108173076923077 0.09014423076923077 0.07091346153846154
5 0.5432692307692307 0.48197115384615385 0.0829326923076923 0.06850961538461539
9 0.5721153846153846 0.5576923076923077 0.09495192307692307 0.07091346153846154
0 0.6538461538461539 0.5793269230769231 0.08413461538461539 0.06610576923076923
8 0.6802884615384616 0.3894230769230769 0.08653846153846154 0.06009615384615385
10 0.5973557692307693 0.39302884615384615 0.08173076923076923 0.06129807692307692
7 0.8028846153846154 0.5264423076923077 0.08653846153846154 0.06009615384615385
7 0.7379807692307693 0.5901442307692307 0.0829326923076923 0.06971153846153846
7 0.5 0.5973557692307693 0.09735576923076923 0.0733173076923077
9 0.47475961538461536 0.49038461538461536 0.05048076923076923 0.0625
11 0.5144230769230769 0.3798076923076923 0.0829326923076923 0.06370192307692307
3 0.46153846153846156 0.38100961538461536 0.02403846153846154 0.06009615384615385
3 0.5925480769230769 0.3317307692307692 0.0829326923076923 0.06009615384615385
2 0.6754807692307693 0.328125 0.08173076923076923 0.057692307692307696
4 0.765625 0.3605769230769231 0.0829326923076923 0.06129807692307692
6 0.8473557692307693 0.3798076923076923 0.0829326923076923 0.0625
5 0.8365384615384616 0.5865384615384616 0.09375 0.07091346153846154
8 0.875 0.6478365384615384 0.0889423076923077 0.06490384615384616
2 0.23557692307692307 0.7379807692307693 0.15384615384615385 0.07692307692307693
3 0.22596153846153846 0.8329326923076923 0.15504807692307693 0.11658653846153846
5 0.41466346153846156 0.9338942307692307 0.06971153846153846 0.13221153846153846
9 0.3269230769230769 0.9747596153846154 0.1778846153846154 0.05048076923076923
6 0.05048076923076923 0.8942307692307693 0.10096153846153846 0.12980769230769232
1 0.9783653846153846 0.8689903846153846 0.04326923076923077 0.12259615384615384
6 0.8725961538461539 0.8677884615384616 0.15985576923076922 0.12259615384615384