11 0.18028846153846154 0.11899038461538461 0.13942307692307693 0.11778846153846154
9 0.5745192307692307 0.4074519230769231 0.0985576923076923 0.07091346153846154
1 0.6694711538461539 0.4098557692307692 0.09495192307692307 0.07211538461538461
1 0.7644230769230769 0.3942307692307692 0.10576923076923077 0.07211538461538461
6 0.859375 0.3713942307692308 0.09975961538461539 0.078125
4 0.6790865384615384 0.2800480769230769 0.10096153846153846 0.08413461538461539
0 0.6322115384615384 0.2091346153846154 0.10817307692307693 0.07572115384615384
9 0.6550480769230769 0.13221153846153846 0.09495192307692307 0.07572115384615384
10 0.7475961538461539 0.1310096153846154 0.09375 0.07572115384615384
8 0.15504807692307693 0.7548076923076923 0.09134615384615384 0.125
10 0.1778846153846154 0.6286057692307693 0.0889423076923077 0.12139423076923077
0 0.23557692307692307 0.6201923076923077 0.028846153846153848 0.125
4 0.2283653846153846 0.7415865384615384 0.04326923076923077 0.13221153846153846
6 0.13701923076923078 0.4987980769230769 0.09134615384615384 0.06009615384615385
5 0.3954326923076923 0.9399038461538461 0.2764423076923077 0.1201923076923077
4 0.6862980769230769 0.9362980769230769 0.2860576923076923 0.12740384615384615
5 0.38341346153846156 0.7752403846153846 0.2668269230769231 0.19110576923076922
5 0.6634615384615384 0.7716346153846154 0.2848557692307692 0.20432692307692307