6 0.054086538461538464 0.40625 0.10817307692307693 0.15865384615384615
1 0.921875 0.22235576923076922 0.11177884615384616 0.08413461538461539
1 0.9074519230769231 0.48677884615384615 0.12980769230769232 0.09254807692307693
4 0.8064903846153846 0.23918269230769232 0.1141826923076923 0.08774038461538461
4 0.5721153846153846 0.40625 0.12259615384615384 0.09134615384615384
7 0.6177884615384616 0.2800480769230769 0.12620192307692307 0.09615384615384616
6 0.9723557692307693 0.43509615384615385 0.055288461538461536 0.09615384615384616
6 0.7860576923076923 0.3245192307692308 0.11177884615384616 0.09014423076923077
7 0.8377403846153846 0.40865384615384615 0.11177884615384616 0.09134615384615384
9 0.6850961538461539 0.359375 0.12139423076923077 0.09615384615384616
0 0.4567307692307692 0.3858173076923077 0.11899038461538461 0.0889423076923077
7 0.5456730769230769 0.5264423076923077 0.12980769230769232 0.0625
7 0.6959134615384616 0.5396634615384616 0.12259615384615384 0.036057692307692304
10 0.6454326923076923 0.48197115384615385 0.12980769230769232 0.09975961538461539
11 0.8100961538461539 0.5192307692307693 0.1201923076923077 0.07692307692307693
6 0.7884615384615384 0.8810096153846154 0.06009615384615385 0.07932692307692307
4 0.7860576923076923 0.9591346153846154 0.06009615384615385 0.078125
10 0.7283653846153846 0.9411057692307693 0.05889423076923077 0.0829326923076923
6 0.6694711538461539 0.9399038461538461 0.057692307692307696 0.08173076923076923
1 0.6105769230769231 0.9819711538461539 0.0673076923076923 0.036057692307692304
4 0.578125 0.9423076923076923 0.06850961538461539 0.09375
9 0.6646634615384616 0.8629807692307693 0.06009615384615385 0.07932692307692307
8 0.7235576923076923 0.8617788461538461 0.05889423076923077 0.07572115384615384
8 0.5096153846153846 0.9723557692307693 0.0625 0.055288461538461536