10 0.33653846153846156 0.054086538461538464 0.15384615384615385 0.10817307692307693
3 0.38461538461538464 0.2620192307692308 0.11057692307692307 0.052884615384615384
9 0.21394230769230768 0.18509615384615385 0.15504807692307693 0.1141826923076923
5 0.0829326923076923 0.11899038461538461 0.15504807692307693 0.12259615384615384
9 0.9507211538461539 0.046875 0.0889423076923077 0.09375
11 0.8641826923076923 0.040865384615384616 0.08413461538461539 0.08173076923076923
8 0.38822115384615385 0.9098557692307693 0.10336538461538461 0.06009615384615385
0 0.3112980769230769 0.8713942307692307 0.109375 0.0673076923076923
0 0.06129807692307692 0.9290865384615384 0.09014423076923077 0.05048076923076923
0 0.3894230769230769 0.6189903846153846 0.10096153846153846 0.07451923076923077
0 0.39302884615384615 0.5420673076923077 0.09375 0.07932692307692307
4 0.2668269230769231 0.7992788461538461 0.0985576923076923 0.0625
4 0.07451923076923077 0.4543269230769231 0.11538461538461539 0.08653846153846154
5 0.2800480769230769 0.6213942307692307 0.1141826923076923 0.06971153846153846
6 0.41346153846153844 0.7992788461538461 0.052884615384615384 0.06009615384615385
7 0.16826923076923078 0.796875 0.09975961538461539 0.0625
7 0.052884615384615384 0.8245192307692307 0.10576923076923077 0.052884615384615384
7 0.046875 0.7680288461538461 0.09375 0.06009615384615385
9 0.15985576923076922 0.5396634615384616 0.11177884615384616 0.078125
9 0.16706730769230768 0.6141826923076923 0.11057692307692307 0.07091346153846154
9 0.27884615384615385 0.546875 0.11298076923076923 0.07572115384615384
9 0.3016826923076923 0.6923076923076923 0.10817307692307693 0.0673076923076923
11 0.17908653846153846 0.6875 0.109375 0.06490384615384616
3 0.07211538461538461 0.6838942307692307 0.10576923076923077 0.06610576923076923
2 0.19230769230769232 0.4579326923076923 0.1201923076923077 0.08052884615384616
2 0.3629807692307692 0.46033653846153844 0.11538461538461539 0.08052884615384616
2 0.3629807692307692 0.37259615384615385 0.12860576923076922 0.09375
3 0.578125 0.7199519230769231 0.1346153846153846 0.09014423076923077
2 0.4879807692307692 0.5012019230769231 0.09615384615384616 0.10336538461538461
2 0.9411057692307693 0.484375 0.11778846153846154 0.0985576923076923
2 0.7788461538461539 0.4951923076923077 0.12620192307692307 0.09735576923076923
2 0.6225961538461539 0.4831730769230769 0.13581730769230768 0.10096153846153846
2 0.609375 0.38221153846153844 0.14182692307692307 0.10096153846153846
1 0.8822115384615384 0.7379807692307693 0.125 0.08653846153846154
1 0.7475961538461539 0.7463942307692307 0.12860576923076922 0.0985576923076923
11 0.6923076923076923 0.6526442307692307 0.1310096153846154 0.1045673076923077
9 0.47596153846153844 0.7367788461538461 0.07211538461538461 0.0985576923076923
6 0.8737980769230769 0.6466346153846154 0.12139423076923077 0.09375
6 0.9615384615384616 0.38221153846153844 0.07692307692307693 0.10576923076923077
5 0.7764423076923077 0.3954326923076923 0.12740384615384615 0.10697115384615384
4 0.4651442307692308 0.40024038461538464 0.05048076923076923 0.10817307692307693