6 0.3233173076923077 0.038461538461538464 0.07451923076923077 0.07692307692307693
1 0.2536057692307692 0.037259615384615384 0.06971153846153846 0.07451923076923077
5 0.3942307692307692 0.037259615384615384 0.07211538461538461 0.07451923076923077
9 0.4543269230769231 0.037259615384615384 0.04807692307692308 0.07451923076923077
9 0.4411057692307692 0.12379807692307693 0.0733173076923077 0.09375
1 0.37259615384615385 0.12139423076923077 0.06971153846153846 0.09254807692307693
8 0.7764423076923077 0.4338942307692308 0.1814903846153846 0.14302884615384615
10 0.6466346153846154 0.49399038461538464 0.18269230769230768 0.06971153846153846
2 0.3004807692307692 0.7524038461538461 0.10576923076923077 0.1310096153846154
8 0.24759615384615385 0.8569711538461539 0.09975961538461539 0.1346153846153846
8 0.9783653846153846 0.8954326923076923 0.04326923076923077 0.15144230769230768
6 0.7920673076923077 0.8653846153846154 0.11658653846153846 0.15144230769230768
1 0.7872596153846154 0.9711538461538461 0.11778846153846154 0.057692307692307696
1 0.9026442307692307 0.9290865384615384 0.11298076923076923 0.14182692307692307