2 0.49399038461538464 0.09375 0.14543269230769232 0.0985576923076923
9 0.34375 0.08774038461538461 0.13822115384615385 0.10697115384615384
1 0.31850961538461536 0.019230769230769232 0.14182692307692307 0.038461538461538464
6 0.5336538461538461 0.02403846153846154 0.11057692307692307 0.04807692307692308
3 0.765625 0.07451923076923077 0.13701923076923078 0.14903846153846154
9 0.8966346153846154 0.11538461538461539 0.12620192307692307 0.15745192307692307
9 0.2764423076923077 0.7752403846153846 0.08653846153846154 0.11177884615384616
1 0.36538461538461536 0.7740384615384616 0.08774038461538461 0.11778846153846154
9 0.6225961538461539 0.7211538461538461 0.0673076923076923 0.07211538461538461
1 0.703125 0.7247596153846154 0.09495192307692307 0.07211538461538461
1 0.7980769230769231 0.7091346153846154 0.10576923076923077 0.07211538461538461
6 0.8930288461538461 0.6862980769230769 0.09975961538461539 0.078125
4 0.7127403846153846 0.5949519230769231 0.10096153846153846 0.08413461538461539
0 0.6658653846153846 0.5240384615384616 0.10817307692307693 0.07572115384615384
9 0.6887019230769231 0.44711538461538464 0.09495192307692307 0.07572115384615384
10 0.78125 0.44591346153846156 0.09375 0.07572115384615384