11 0.3112980769230769 0.4182692307692308 0.125 0.09975961538461539
9 0.390625 0.3245192307692308 0.055288461538461536 0.08173076923076923
9 0.3629807692307692 0.5973557692307693 0.11057692307692307 0.06490384615384616
7 0.2644230769230769 0.5060096153846154 0.12620192307692307 0.09495192307692307
6 0.3786057692307692 0.5180288461538461 0.07932692307692307 0.09375
5 0.3942307692307692 0.41586538461538464 0.04807692307692308 0.08653846153846154
2 0.45913461538461536 0.038461538461538464 0.08173076923076923 0.07692307692307693
1 0.9362980769230769 0.12379807692307693 0.12740384615384615 0.10576923076923077
1 0.6442307692307693 0.1658653846153846 0.13221153846153846 0.10336538461538461
9 0.44711538461538464 0.2776442307692308 0.057692307692307696 0.11778846153846154
11 0.8004807692307693 0.1201923076923077 0.13221153846153846 0.10096153846153846
0 0.6466346153846154 0.06009615384615385 0.12740384615384615 0.09495192307692307
4 0.46875 0.12860576923076922 0.10096153846153846 0.10336538461538461
10 0.3954326923076923 0.7019230769230769 0.04567307692307692 0.1201923076923077
3 0.3233173076923077 0.7716346153846154 0.08774038461538461 0.11778846153846154
11 0.3894230769230769 0.8064903846153846 0.057692307692307696 0.12259615384615384
5 0.3485576923076923 0.8930288461538461 0.08774038461538461 0.11778846153846154
9 0.40384615384615385 0.9326923076923077 0.028846153846153848 0.1201923076923077
1 0.265625 0.8737980769230769 0.08052884615384616 0.11057692307692307
9 0.24639423076923078 0.9639423076923077 0.08413461538461539 0.07211538461538461
0 0.11899038461538461 0.8040865384615384 0.08533653846153846 0.11899038461538461
4 0.16105769230769232 0.9110576923076923 0.08533653846153846 0.12379807692307693
9 0.4675480769230769 0.7079326923076923 0.0985576923076923 0.09375
9 0.6274038461538461 0.9242788461538461 0.12620192307692307 0.10697115384615384
9 0.6081730769230769 0.6526442307692307 0.11057692307692307 0.04567307692307692
2 0.4483173076923077 0.8269230769230769 0.06009615384615385 0.08653846153846154
3 0.5240384615384616 0.8569711538461539 0.11778846153846154 0.08413461538461539
11 0.5516826923076923 0.9747596153846154 0.12259615384615384 0.05048076923076923