6 0.13581730769230768 0.6153846153846154 0.11177884615384616 0.08653846153846154
9 0.021634615384615384 0.4579326923076923 0.04326923076923077 0.09375
9 0.15384615384615385 0.2439903846153846 0.12620192307692307 0.10697115384615384
9 0.13581730769230768 0.5324519230769231 0.11177884615384616 0.0829326923076923
3 0.054086538461538464 0.3112980769230769 0.10817307692307693 0.08413461538461539
11 0.078125 0.16947115384615385 0.12259615384615384 0.09495192307692307
8 0.4050480769230769 0.1658653846153846 0.07451923076923077 0.12980769230769232
10 0.5504807692307693 0.2608173076923077 0.09615384615384616 0.12980769230769232
4 0.6466346153846154 0.21995192307692307 0.10336538461538461 0.13581730769230768
0 0.7451923076923077 0.18509615384615385 0.10697115384615384 0.140625
9 0.5276442307692307 0.12860576923076922 0.10096153846153846 0.14543269230769232
2 0.39663461538461536 0.04927884615384615 0.057692307692307696 0.0985576923076923
6 0.06490384615384616 0.7355769230769231 0.12980769230769232 0.15384615384615385
0 0.17668269230769232 0.9290865384615384 0.13221153846153846 0.14182692307692307
7 0.30408653846153844 0.9459134615384616 0.12259615384615384 0.10817307692307693