7 0.3942307692307692 0.42908653846153844 0.09254807692307693 0.06490384615384616
9 0.3762019230769231 0.296875 0.09375 0.0673076923076923
9 0.013221153846153846 0.2800480769230769 0.026442307692307692 0.06971153846153846
8 0.23918269230769232 0.20552884615384615 0.09375 0.06971153846153846
8 0.21634615384615385 0.34615384615384615 0.09495192307692307 0.07211538461538461
8 0.40384615384615385 0.17548076923076922 0.08653846153846154 0.06971153846153846
1 0.2932692307692308 0.3233173076923077 0.09375 0.0673076923076923
1 0.32091346153846156 0.23798076923076922 0.10096153846153846 0.06971153846153846
11 0.14302884615384615 0.38100961538461536 0.09134615384615384 0.07572115384615384
3 0.09254807692307693 0.32572115384615385 0.09975961538461539 0.07451923076923077
10 0.06850961538461539 0.25961538461538464 0.08653846153846154 0.06129807692307692
2 0.32091346153846156 0.15985576923076922 0.08413461538461539 0.07091346153846154
6 0.1310096153846154 0.15504807692307693 0.09254807692307693 0.0673076923076923
4 0.04567307692307692 0.18509615384615385 0.09134615384615384 0.07451923076923077
5 0.16105769230769232 0.28725961538461536 0.08653846153846154 0.07211538461538461
0 0.3112980769230769 0.4014423076923077 0.09014423076923077 0.0733173076923077
7 0.9879807692307693 0.12860576923076922 0.02403846153846154 0.07932692307692307
6 0.9483173076923077 0.1622596153846154 0.055288461538461536 0.0829326923076923
7 0.8882211538461539 0.140625 0.05889423076923077 0.0829326923076923
0 0.859375 0.20192307692307693 0.06490384615384616 0.07572115384615384
7 0.8317307692307693 0.28125 0.06610576923076923 0.09254807692307693
5 0.8004807692307693 0.17307692307692307 0.06610576923076923 0.08774038461538461
2 0.8317307692307693 0.08774038461538461 0.056490384615384616 0.07451923076923077
8 0.828125 0.027644230769230768 0.06009615384615385 0.055288461538461536
8 0.7560096153846154 0.23918269230769232 0.06490384615384616 0.09014423076923077
10 0.9411057692307693 0.039663461538461536 0.06490384615384616 0.07932692307692307
9 0.8942307692307693 0.010817307692307692 0.0673076923076923 0.021634615384615384
6 0.9747596153846154 0.013221153846153846 0.05048076923076923 0.026442307692307692
1 0.35697115384615385 0.7788461538461539 0.16706730769230768 0.11658653846153846
4 0.20192307692307693 0.7475961538461539 0.1502403846153846 0.12860576923076922
1 0.203125 0.5240384615384616 0.16105769230769232 0.09134615384615384
8 0.5228365384615384 0.6598557692307693 0.15144230769230768 0.11778846153846154
5 0.37259615384615385 0.6382211538461539 0.15144230769230768 0.12259615384615384
3 0.6346153846153846 0.78125 0.07211538461538461 0.16346153846153846
9 0.7824519230769231 0.8076923076923077 0.2091346153846154 0.17067307692307693