1 0.35336538461538464 0.1971153846153846 0.1141826923076923 0.15384615384615385
7 0.22716346153846154 0.46153846153846156 0.11778846153846154 0.09615384615384616
7 0.3173076923076923 0.3918269230769231 0.1045673076923077 0.14543269230769232
0 0.24759615384615385 0.25600961538461536 0.11538461538461539 0.15384615384615385
7 0.5600961538461539 0.46875 0.08173076923076923 0.08173076923076923
0 0.6358173076923077 0.3870192307692308 0.18389423076923078 0.13701923076923078
8 0.9182692307692307 0.19471153846153846 0.16346153846153846 0.14423076923076922
7 0.0673076923076923 0.7668269230769231 0.1346153846153846 0.14903846153846154
5 0.036057692307692304 0.6177884615384616 0.07211538461538461 0.15865384615384615
1 0.2247596153846154 0.7019230769230769 0.18870192307692307 0.15985576923076922
3 0.4206730769230769 0.6346153846153846 0.1971153846153846 0.16826923076923078
3 0.7115384615384616 0.7704326923076923 0.12860576923076922 0.09014423076923077
4 0.7175480769230769 0.6646634615384616 0.13822115384615385 0.10697115384615384
1 0.8786057692307693 0.5288461538461539 0.13701923076923078 0.038461538461538464
9 0.7355769230769231 0.5216346153846154 0.14903846153846154 0.02403846153846154