9 0.2512019230769231 0.16105769230769232 0.055288461538461536 0.12980769230769232
7 0.1814903846153846 0.21634615384615385 0.10336538461538461 0.1346153846153846
9 0.9387019230769231 0.12860576923076922 0.08173076923076923 0.06370192307692307
4 0.6862980769230769 0.051682692307692304 0.078125 0.07091346153846154
6 0.7692307692307693 0.08653846153846154 0.08173076923076923 0.06009615384615385
10 0.7283653846153846 0.007211538461538462 0.08173076923076923 0.014423076923076924
1 0.6358173076923077 0.015625 0.0889423076923077 0.03125
5 0.5516826923076923 0.028846153846153848 0.08413461538461539 0.057692307692307696
8 0.6899038461538461 0.11778846153846154 0.08653846153846154 0.06009615384615385
10 0.6069711538461539 0.1141826923076923 0.08173076923076923 0.06129807692307692
9 0.46875 0.02283653846153846 0.08173076923076923 0.04567307692307692
11 0.5240384615384616 0.12740384615384615 0.0829326923076923 0.06370192307692307
3 0.44471153846153844 0.12620192307692307 0.07692307692307693 0.06009615384615385
3 0.6021634615384616 0.17548076923076922 0.0829326923076923 0.06009615384615385
2 0.6850961538461539 0.17908653846153846 0.08173076923076923 0.057692307692307696
4 0.7752403846153846 0.1466346153846154 0.0829326923076923 0.06129807692307692
6 0.8569711538461539 0.12740384615384615 0.0829326923076923 0.0625
7 0.2512019230769231 0.8725961538461539 0.055288461538461536 0.16346153846153846
9 0.203125 0.5144230769230769 0.10336538461538461 0.07211538461538461
4 0.7752403846153846 0.5649038461538461 0.1201923076923077 0.14182692307692307
7 0.5985576923076923 0.6826923076923077 0.11778846153846154 0.15745192307692307
0 0.4951923076923077 0.7632211538461539 0.1141826923076923 0.15144230769230768
1 0.8521634615384616 0.5048076923076923 0.11778846153846154 0.052884615384615384