9 0.4891826923076923 0.24639423076923078 0.0985576923076923 0.18990384615384615
6 0.40024038461538464 0.3076923076923077 0.1346153846153846 0.18269230769230768
1 0.46875 0.46634615384615385 0.1346153846153846 0.18629807692307693
0 0.2848557692307692 0.08413461538461539 0.13221153846153846 0.16826923076923078
7 0.15745192307692307 0.0673076923076923 0.12259615384615384 0.1346153846153846
6 0.5901442307692307 0.03125 0.10336538461538461 0.0625
9 0.6418269230769231 0.28125 0.1141826923076923 0.08774038461538461
9 0.6971153846153846 0.030048076923076924 0.11538461538461539 0.06009615384615385
7 0.671875 0.19471153846153846 0.11778846153846154 0.08653846153846154
4 0.6887019230769231 0.1045673076923077 0.11538461538461539 0.08533653846153846
0 0.5841346153846154 0.10697115384615384 0.09134615384615384 0.0889423076923077
10 0.5757211538461539 0.19471153846153846 0.07451923076923077 0.08653846153846154
7 0.5600961538461539 0.2824519230769231 0.04326923076923077 0.09375
10 0.0673076923076923 0.6057692307692307 0.09134615384615384 0.052884615384615384
3 0.16466346153846154 0.6418269230769231 0.08774038461538461 0.11778846153846154
11 0.08173076923076923 0.6766826923076923 0.0889423076923077 0.12259615384615384
5 0.13942307692307693 0.7632211538461539 0.08774038461538461 0.11778846153846154
9 0.054086538461538464 0.8040865384615384 0.08653846153846154 0.1201923076923077
4 0.020432692307692308 0.6971153846153846 0.040865384615384616 0.13942307692307693
1 0.22235576923076922 0.7439903846153846 0.08052884615384616 0.11057692307692307
9 0.2403846153846154 0.8569711538461539 0.0829326923076923 0.11538461538461539
0 0.36899038461538464 0.6742788461538461 0.08533653846153846 0.11899038461538461
4 0.3269230769230769 0.78125 0.08533653846153846 0.12379807692307693
9 0.9194711538461539 0.6478365384615384 0.16105769230769232 0.13221153846153846
9 0.8737980769230769 0.9110576923076923 0.20072115384615385 0.14903846153846154
5 0.7475961538461539 0.6802884615384616 0.18389423076923078 0.14302884615384615