4 0.24639423076923078 0.03365384615384615 0.15144230769230768 0.0673076923076923
1 0.24879807692307693 0.24158653846153846 0.16105769230769232 0.11778846153846154
9 0.1935096153846154 0.3473557692307692 0.1466346153846154 0.10336538461538461
5 0.3605769230769231 0.1141826923076923 0.038461538461538464 0.12259615384615384
9 0.7067307692307693 0.2512019230769231 0.10096153846153846 0.15264423076923078
11 0.7560096153846154 0.3485576923076923 0.10817307692307693 0.10096153846153846
2 0.4855769230769231 0.1466346153846154 0.10336538461538461 0.1346153846153846
1 0.6430288461538461 0.35216346153846156 0.10336538461538461 0.09375
1 0.5949519230769231 0.2548076923076923 0.11057692307692307 0.14423076923076922
8 0.48197115384615385 0.2764423076923077 0.10096153846153846 0.13822115384615385
7 0.5384615384615384 0.3786057692307692 0.10096153846153846 0.040865384615384616
10 0.4326923076923077 0.36778846153846156 0.10096153846153846 0.0625
8 0.32211538461538464 0.9134615384615384 0.09495192307692307 0.07211538461538461
5 0.21754807692307693 0.8004807692307693 0.09375 0.07692307692307693
11 0.36899038461538464 0.84375 0.021634615384615384 0.0673076923076923
11 0.3581730769230769 0.5865384615384616 0.04326923076923077 0.07211538461538461
9 0.36899038461538464 0.7740384615384616 0.021634615384615384 0.07211538461538461
9 0.3125 0.8100961538461539 0.09134615384615384 0.0733173076923077
1 0.33052884615384615 0.7103365384615384 0.0985576923076923 0.07932692307692307
3 0.29086538461538464 0.5685096153846154 0.09735576923076923 0.07572115384615384
5 0.6105769230769231 0.5456730769230769 0.12980769230769232 0.09975961538461539
9 0.4831730769230769 0.5528846153846154 0.125 0.09975961538461539
9 0.9615384615384616 0.7379807692307693 0.07692307692307693 0.09615384615384616
9 0.5180288461538461 0.9723557692307693 0.13221153846153846 0.055288461538461536
10 0.5889423076923077 0.6983173076923077 0.14182692307692307 0.10697115384615384
10 0.5733173076923077 0.9050480769230769 0.12980769230769232 0.09735576923076923
1 0.4266826923076923 0.7908653846153846 0.09375 0.09134615384615384
6 0.41466346153846156 0.8822115384615384 0.06971153846153846 0.09615384615384616
1 0.6658653846153846 0.9735576923076923 0.13942307692307693 0.052884615384615384
8 0.6935096153846154 0.765625 0.14423076923076922 0.10817307692307693
11 0.8629807692307693 0.7307692307692307 0.12379807692307693 0.09254807692307693