9 0.04447115384615385 0.036057692307692304 0.06971153846153846 0.07211538461538461
11 0.0829326923076923 0.09735576923076923 0.06971153846153846 0.0889423076923077
9 0.2247596153846154 0.0673076923076923 0.06370192307692307 0.09014423076923077
7 0.203125 0.14783653846153846 0.0673076923076923 0.09134615384615384
0 0.6177884615384616 0.06009615384615385 0.18269230769230768 0.1201923076923077
8 0.9098557692307693 0.24278846153846154 0.18028846153846154 0.14423076923076922
10 0.9735576923076923 0.33653846153846156 0.052884615384615384 0.1346153846153846
1 0.026442307692307692 0.6947115384615384 0.052884615384615384 0.125
9 0.06370192307692307 0.8088942307692307 0.12740384615384615 0.13701923076923078
2 0.296875 0.6286057692307693 0.12259615384615384 0.0985576923076923
2 0.15865384615384615 0.6514423076923077 0.1658653846153846 0.11538461538461539
8 0.4639423076923077 0.6237980769230769 0.09134615384615384 0.0889423076923077
10 0.4879807692307692 0.7319711538461539 0.0889423076923077 0.12139423076923077
0 0.5793269230769231 0.7391826923076923 0.09495192307692307 0.125
4 0.5661057692307693 0.6310096153846154 0.0985576923076923 0.10336538461538461
1 0.6298076923076923 0.8677884615384616 0.09375 0.12259615384615384
1 0.5360576923076923 0.9423076923076923 0.09134615384615384 0.11538461538461539
6 0.4483173076923077 0.8918269230769231 0.09134615384615384 0.12259615384615384
6 0.6262019230769231 0.9639423076923077 0.09375 0.07211538461538461
4 0.44350961538461536 0.9747596153846154 0.09375 0.05048076923076923