1 0.5432692307692307 0.3641826923076923 0.052884615384615384 0.055288461538461536
1 0.4699519230769231 0.3641826923076923 0.08413461538461539 0.06610576923076923
1 0.20432692307692307 0.4987980769230769 0.07932692307692307 0.057692307692307696
1 0.03365384615384615 0.3713942307692308 0.0673076923076923 0.055288461538461536
3 0.11177884615384616 0.36658653846153844 0.07451923076923077 0.06009615384615385
3 0.12620192307692307 0.5925480769230769 0.08413461538461539 0.057692307692307696
3 0.36778846153846156 0.38221153846153844 0.078125 0.057692307692307696
11 0.43990384615384615 0.421875 0.08774038461538461 0.06490384615384616
9 0.28966346153846156 0.3737980769230769 0.08052884615384616 0.06370192307692307
2 0.4987980769230769 0.5180288461538461 0.0829326923076923 0.06009615384615385
2 0.4026442307692308 0.5288461538461539 0.08052884615384616 0.06009615384615385
2 0.39903846153846156 0.5865384615384616 0.08052884615384616 0.06009615384615385
2 0.30408653846153844 0.515625 0.08413461538461539 0.06129807692307692
2 0.19831730769230768 0.40024038461538464 0.078125 0.0625
4 0.125 0.5336538461538461 0.0829326923076923 0.057692307692307696
4 0.2848557692307692 0.5745192307692307 0.07572115384615384 0.06490384615384616
6 0.5420673076923077 0.421875 0.055288461538461536 0.06009615384615385
8 0.18509615384615385 0.3401442307692308 0.07572115384615384 0.057692307692307696
8 0.025240384615384616 0.5492788461538461 0.05048076923076923 0.06009615384615385
9 0.20552884615384615 0.5588942307692307 0.07932692307692307 0.06009615384615385
5 0.5 0.578125 0.07932692307692307 0.06009615384615385
0 0.039663461538461536 0.43149038461538464 0.078125 0.06129807692307692
0 0.1201923076923077 0.42427884615384615 0.07932692307692307 0.06009615384615385
8 0.8185096153846154 0.7091346153846154 0.21394230769230768 0.14783653846153846
3 0.9435096153846154 0.20793269230769232 0.11298076923076923 0.15144230769230768
9 0.7992788461538461 0.1466346153846154 0.20192307692307693 0.14543269230769232
2 0.6466346153846154 0.6490384615384616 0.15384615384615385 0.16346153846153846
1 0.7824519230769231 0.515625 0.20072115384615385 0.14783653846153846
0 0.7403846153846154 0.3713942307692308 0.1935096153846154 0.14903846153846154
7 0.18629807692307693 0.9615384615384616 0.13701923076923078 0.07692307692307693
1 0.9699519230769231 0.9326923076923077 0.06009615384615385 0.07211538461538461
5 0.9014423076923077 0.9050480769230769 0.0829326923076923 0.06850961538461539
9 0.9290865384615384 0.9723557692307693 0.09375 0.055288461538461536
10 0.9543269230769231 0.8173076923076923 0.08173076923076923 0.057692307692307696
7 0.8569711538461539 0.9915865384615384 0.0985576923076923 0.016826923076923076
9 0.8185096153846154 0.9146634615384616 0.08052884615384616 0.06129807692307692
11 0.8713942307692307 0.8112980769230769 0.08413461538461539 0.04567307692307692
3 0.7932692307692307 0.8112980769230769 0.07692307692307693 0.04567307692307692