2 0.10576923076923077 0.4266826923076923 0.06490384615384616 0.08774038461538461
7 0.16826923076923078 0.41947115384615385 0.06009615384615385 0.07932692307692307
6 0.22716346153846154 0.453125 0.055288461538461536 0.0829326923076923
7 0.28725961538461536 0.43149038461538464 0.05889423076923077 0.0829326923076923
0 0.3161057692307692 0.49278846153846156 0.06490384615384616 0.07572115384615384
7 0.3425480769230769 0.5408653846153846 0.06490384615384616 0.03365384615384615
5 0.375 0.4639423076923077 0.06610576923076923 0.08774038461538461
2 0.34375 0.3786057692307692 0.056490384615384616 0.07451923076923077
8 0.34615384615384615 0.30649038461538464 0.06009615384615385 0.07932692307692307
8 0.4182692307692308 0.5204326923076923 0.0625 0.07451923076923077
10 0.234375 0.32572115384615385 0.06490384615384616 0.09254807692307693
9 0.2800480769230769 0.265625 0.0673076923076923 0.09375
6 0.19110576923076922 0.27163461538461536 0.0673076923076923 0.09375
9 0.140625 0.3233173076923077 0.06490384615384616 0.09134615384615384
3 0.08173076923076923 0.35096153846153844 0.057692307692307696 0.0829326923076923
1 0.4795673076923077 0.5336538461538461 0.06009615384615385 0.04807692307692308
1 0.7331730769230769 0.4098557692307692 0.07932692307692307 0.057692307692307696
1 0.9050480769230769 0.5324519230769231 0.07451923076923077 0.05048076923076923
3 0.8257211538461539 0.5348557692307693 0.07451923076923077 0.04567307692307692
3 0.9771634615384616 0.4387019230769231 0.04567307692307692 0.06009615384615385
3 0.984375 0.359375 0.03125 0.06009615384615385
3 0.8112980769230769 0.3161057692307692 0.08413461538461539 0.057692307692307696
3 0.5697115384615384 0.5264423076923077 0.078125 0.057692307692307696
11 0.49759615384615385 0.48677884615384615 0.08774038461538461 0.06490384615384616
9 0.6466346153846154 0.5300480769230769 0.08173076923076923 0.055288461538461536
2 0.4639423076923077 0.390625 0.028846153846153848 0.06009615384615385
2 0.5348557692307693 0.3798076923076923 0.08052884615384616 0.06009615384615385
2 0.5384615384615384 0.32211538461538464 0.08052884615384616 0.06009615384615385
2 0.6334134615384616 0.39302884615384615 0.08413461538461539 0.06129807692307692
2 0.7391826923076923 0.5084134615384616 0.078125 0.0625
4 0.8125 0.375 0.0829326923076923 0.057692307692307696
4 0.6526442307692307 0.33413461538461536 0.07572115384615384 0.06490384615384616
8 0.7512019230769231 0.5480769230769231 0.07451923076923077 0.019230769230769232
8 0.9278846153846154 0.3581730769230769 0.0829326923076923 0.06009615384615385
9 0.7319711538461539 0.34975961538461536 0.07932692307692307 0.06009615384615385
5 0.46274038461538464 0.33052884615384615 0.026442307692307692 0.06009615384615385
0 0.8978365384615384 0.47716346153846156 0.078125 0.06129807692307692
0 0.8173076923076923 0.484375 0.07932692307692307 0.06009615384615385
6 0.2403846153846154 0.9423076923076923 0.16346153846153846 0.11538461538461539
1 0.1658653846153846 0.8377403846153846 0.15625 0.12259615384615384
3 0.4074519230769231 0.9146634615384616 0.08413461538461539 0.10336538461538461
11 0.4182692307692308 0.8064903846153846 0.0625 0.10817307692307693
9 0.2644230769230769 0.6490384615384616 0.14182692307692307 0.10576923076923077
5 0.39302884615384615 0.6526442307692307 0.11298076923076923 0.10817307692307693
7 0.7439903846153846 0.8677884615384616 0.08774038461538461 0.12259615384615384
10 0.7151442307692307 0.7524038461538461 0.09014423076923077 0.1201923076923077
3 0.6189903846153846 0.6826923076923077 0.08774038461538461 0.11778846153846154
11 0.7019230769230769 0.6478365384615384 0.0889423076923077 0.12259615384615384
5 0.6430288461538461 0.5889423076923077 0.0889423076923077 0.0625
4 0.7872596153846154 0.6262019230769231 0.09375 0.13701923076923078
6 0.8725961538461539 0.6838942307692307 0.09254807692307693 0.12259615384615384
1 0.5600961538461539 0.5961538461538461 0.08173076923076923 0.07692307692307693
4 0.4735576923076923 0.5805288461538461 0.04807692307692308 0.04567307692307692