11 0.38341346153846156 0.32572115384615385 0.10697115384615384 0.1346153846153846
9 0.28725961538461536 0.2127403846153846 0.0985576923076923 0.15264423076923078
5 0.1875 0.18629807692307693 0.10096153846153846 0.15745192307692307
0 0.40024038461538464 0.4891826923076923 0.0985576923076923 0.14182692307692307
10 0.6971153846153846 0.375 0.10216346153846154 0.14182692307692307
9 0.7451923076923077 0.2536057692307692 0.10096153846153846 0.13942307692307693
4 0.5625 0.46875 0.09495192307692307 0.12980769230769232
0 0.5769230769230769 0.34375 0.09615384615384616 0.125
6 0.47475961538461536 0.46274038461538464 0.05048076923076923 0.12740384615384615
7 0.3605769230769231 0.9002403846153846 0.10817307692307693 0.1466346153846154
7 0.171875 0.8125 0.10096153846153846 0.1346153846153846
9 0.27283653846153844 0.8088942307692307 0.0985576923076923 0.13822115384615385
0 0.27283653846153844 0.9651442307692307 0.11778846153846154 0.06971153846153846
0 0.25721153846153844 0.6550480769230769 0.10697115384615384 0.14302884615384615
6 0.38100961538461536 0.9783653846153846 0.11298076923076923 0.04326923076923077
4 0.3581730769230769 0.6322115384615384 0.10096153846153846 0.10576923076923077
3 0.4326923076923077 0.890625 0.03365384615384615 0.13701923076923078
2 0.41586538461538464 0.7584134615384616 0.0673076923076923 0.14182692307692307
3 0.5853365384615384 0.8269230769230769 0.0733173076923077 0.09495192307692307
2 0.5228365384615384 0.7848557692307693 0.07091346153846154 0.10096153846153846