9 0.47836538461538464 0.31850961538461536 0.20192307692307693 0.14182692307692307
8 0.36658653846153844 0.19230769230769232 0.21394230769230768 0.171875
11 0.15504807692307693 0.3425480769230769 0.18509615384615385 0.09375
1 0.1622596153846154 0.22355769230769232 0.18269230769230768 0.14302884615384615
7 0.7379807692307693 0.35096153846153844 0.14423076923076922 0.07692307692307693
4 0.6418269230769231 0.04447115384615385 0.08653846153846154 0.0889423076923077
10 0.6911057692307693 0.265625 0.14543269230769232 0.10336538461538461
3 0.10817307692307693 0.9891826923076923 0.08173076923076923 0.021634615384615384
3 0.5360576923076923 0.7295673076923077 0.10336538461538461 0.140625
3 0.030048076923076924 0.7932692307692307 0.06009615384615385 0.125
1 0.24278846153846154 0.9435096153846154 0.08653846153846154 0.11298076923076923
8 0.09615384615384616 0.8497596153846154 0.0829326923076923 0.12980769230769232
6 0.265625 0.8257211538461539 0.09735576923076923 0.12620192307692307
9 0.17548076923076922 0.6105769230769231 0.09495192307692307 0.14543269230769232
5 0.11778846153846154 0.7199519230769231 0.08653846153846154 0.140625
0 0.5360576923076923 0.5889423076923077 0.11177884615384616 0.14423076923076922
8 0.6899038461538461 0.6646634615384616 0.11538461538461539 0.08533653846153846
2 0.796875 0.6370192307692307 0.11177884615384616 0.0829326923076923