7 0.04567307692307692 0.04807692307692308 0.08653846153846154 0.09615384615384616
10 0.07572115384615384 0.15144230769230768 0.09014423076923077 0.1201923076923077
3 0.171875 0.22115384615384615 0.08774038461538461 0.11778846153846154
11 0.0889423076923077 0.25600961538461536 0.0889423076923077 0.12259615384615384
5 0.1466346153846154 0.3425480769230769 0.08774038461538461 0.11778846153846154
9 0.06129807692307692 0.38341346153846156 0.08653846153846154 0.1201923076923077
4 0.02403846153846154 0.2764423076923077 0.04807692307692308 0.13942307692307693
1 0.22956730769230768 0.3233173076923077 0.08052884615384616 0.11057692307692307
9 0.24759615384615385 0.4362980769230769 0.0829326923076923 0.11538461538461539
0 0.3762019230769231 0.2536057692307692 0.08533653846153846 0.11899038461538461
4 0.33413461538461536 0.3605769230769231 0.08533653846153846 0.12379807692307693
9 0.9471153846153846 0.3701923076923077 0.10576923076923077 0.13942307692307693
3 0.9314903846153846 0.22596153846153846 0.13701923076923078 0.15384615384615385
11 0.8569711538461539 0.109375 0.1935096153846154 0.13221153846153846
9 0.42788461538461536 0.9146634615384616 0.17427884615384615 0.13822115384615385
3 0.4074519230769231 0.7704326923076923 0.19951923076923078 0.15384615384615385
11 0.3004807692307692 0.7043269230769231 0.19230769230769232 0.028846153846153848
9 0.9627403846153846 0.7115384615384616 0.07451923076923077 0.04326923076923077
1 0.8798076923076923 0.7103365384615384 0.09615384615384616 0.040865384615384616
1 0.7860576923076923 0.71875 0.10576923076923077 0.057692307692307696
6 0.6911057692307693 0.734375 0.09975961538461539 0.078125
4 0.8713942307692307 0.8257211538461539 0.10096153846153846 0.08413461538461539
0 0.9182692307692307 0.8966346153846154 0.10817307692307693 0.07572115384615384
9 0.8942307692307693 0.9675480769230769 0.09615384615384616 0.06490384615384616
10 0.8016826923076923 0.9675480769230769 0.09375 0.06490384615384616