8 0.04807692307692308 0.06009615384615385 0.09615384615384616 0.1201923076923077
7 0.08774038461538461 0.19951923076923078 0.12740384615384615 0.17427884615384615
11 0.2920673076923077 0.25841346153846156 0.12139423076923077 0.171875
3 0.35096153846153844 0.15865384615384615 0.057692307692307696 0.16826923076923078
6 0.53125 0.078125 0.1346153846153846 0.10096153846153846
7 0.6021634615384616 0.2512019230769231 0.15144230769230768 0.11538461538461539
10 0.6694711538461539 0.05889423076923077 0.1346153846153846 0.10576923076923077
3 0.8581730769230769 0.06129807692307692 0.12740384615384615 0.09735576923076923
3 0.8245192307692307 0.2920673076923077 0.15504807692307693 0.12860576923076922
2 0.765625 0.44471153846153844 0.1658653846153846 0.12259615384615384
5 0.6237980769230769 0.5096153846153846 0.16706730769230768 0.1346153846153846
8 0.7331730769230769 0.19831730769230768 0.15625 0.11778846153846154
8 0.6959134615384616 0.3473557692307692 0.15625 0.11177884615384616
7 0.12259615384615384 0.6490384615384616 0.24519230769230768 0.1201923076923077
0 0.265625 0.7475961538461539 0.2283653846153846 0.2548076923076923
4 0.6382211538461539 0.6117788461538461 0.21875 0.04567307692307692
1 0.453125 0.6141826923076923 0.1466346153846154 0.05048076923076923
9 0.46875 0.7980769230769231 0.1778846153846154 0.17307692307692307
2 0.6730769230769231 0.8016826923076923 0.22355769230769232 0.17908653846153846