6 0.02283653846153846 0.3557692307692308 0.04567307692307692 0.14423076923076922
5 0.15985576923076922 0.390625 0.10336538461538461 0.07451923076923077
4 0.90625 0.23798076923076922 0.17067307692307693 0.12259615384615384
6 0.5012019230769231 0.2536057692307692 0.1658653846153846 0.10697115384615384
1 0.6634615384615384 0.24278846153846154 0.15625 0.11538461538461539
11 0.4855769230769231 0.1346153846153846 0.16706730769230768 0.10697115384615384
3 0.6490384615384616 0.12379807692307693 0.15264423076923078 0.12259615384615384
7 0.4951923076923077 0.037259615384615384 0.1875 0.07451923076923077
0 0.6706730769230769 0.03125 0.16826923076923078 0.0625
2 0.8449519230769231 0.11899038461538461 0.17427884615384615 0.14302884615384615
6 0.36177884615384615 0.7536057692307693 0.036057692307692304 0.11298076923076923
8 0.8834134615384616 0.9230769230769231 0.13701923076923078 0.15384615384615385
2 0.7860576923076923 0.9759615384615384 0.125 0.04807692307692308
8 0.5288461538461539 0.984375 0.10576923076923077 0.03125
9 0.6322115384615384 0.9567307692307693 0.11057692307692307 0.08653846153846154
3 0.5036057692307693 0.9026442307692307 0.10576923076923077 0.13701923076923078
3 0.5949519230769231 0.8413461538461539 0.10096153846153846 0.15625
7 0.734375 0.6310096153846154 0.12259615384615384 0.15745192307692307
8 0.6394230769230769 0.5348557692307693 0.11658653846153846 0.15745192307692307