6 0.1814903846153846 0.42908653846153844 0.12259615384615384 0.0889423076923077
9 0.24278846153846154 0.1658653846153846 0.1141826923076923 0.08774038461538461
9 0.2980769230769231 0.42908653846153844 0.11538461538461539 0.08653846153846154
7 0.27283653846153844 0.25240384615384615 0.11778846153846154 0.08653846153846154
4 0.28966346153846156 0.3425480769230769 0.11538461538461539 0.08533653846153846
0 0.17307692307692307 0.3401442307692308 0.11899038461538461 0.0889423076923077
10 0.15504807692307693 0.25240384615384615 0.11778846153846154 0.08653846153846154
7 0.125 0.16346153846153846 0.11778846153846154 0.09254807692307693
3 0.057692307692307696 0.34134615384615385 0.11538461538461539 0.08653846153846154
2 0.06129807692307692 0.43028846153846156 0.11899038461538461 0.09134615384615384
8 0.890625 0.3858173076923077 0.11778846153846154 0.15384615384615385
8 0.7295673076923077 0.21634615384615385 0.109375 0.1310096153846154
1 0.6670673076923077 0.036057692307692304 0.09375 0.07211538461538461
3 0.8293269230769231 0.4543269230769231 0.11057692307692307 0.04807692307692308
2 0.6358173076923077 0.27524038461538464 0.0985576923076923 0.13822115384615385
6 0.5733173076923077 0.028846153846153848 0.09375 0.057692307692307696
11 0.16346153846153846 0.7536057692307693 0.1502403846153846 0.10697115384615384
1 0.21995192307692307 0.6490384615384616 0.14543269230769232 0.1201923076923077
7 0.6442307692307693 0.9771634615384616 0.08653846153846154 0.04567307692307692
10 0.6742788461538461 0.9014423076923077 0.09014423076923077 0.1201923076923077
3 0.7704326923076923 0.8317307692307693 0.08774038461538461 0.11778846153846154
11 0.6875 0.796875 0.0889423076923077 0.12259615384615384
5 0.7451923076923077 0.7103365384615384 0.08774038461538461 0.11778846153846154
9 0.6598557692307693 0.6694711538461539 0.08653846153846154 0.1201923076923077
4 0.6009615384615384 0.7752403846153846 0.09254807692307693 0.13822115384615385
6 0.5168269230769231 0.8329326923076923 0.09254807692307693 0.12259615384615384
1 0.828125 0.7295673076923077 0.08052884615384616 0.11057692307692307
9 0.8461538461538461 0.6165865384615384 0.0829326923076923 0.11538461538461539
0 0.9651442307692307 0.7980769230769231 0.06971153846153846 0.1201923076923077
4 0.9326923076923077 0.6923076923076923 0.08533653846153846 0.12379807692307693