3 0.4026442307692308 0.3076923076923077 0.1466346153846154 0.10697115384615384
2 0.29927884615384615 0.4387019230769231 0.1310096153846154 0.0985576923076923
2 0.12980769230769232 0.42788461538461536 0.12620192307692307 0.09735576923076923
2 0.020432692307692308 0.43990384615384615 0.040865384615384616 0.10096153846153846
2 0.015625 0.5408653846153846 0.03125 0.10096153846153846
1 0.23317307692307693 0.18509615384615385 0.125 0.08653846153846154
1 0.0985576923076923 0.17668269230769232 0.12860576923076922 0.0985576923076923
11 0.4963942307692308 0.3894230769230769 0.13822115384615385 0.11177884615384616
11 0.054086538461538464 0.2692307692307692 0.10817307692307693 0.10576923076923077
6 0.2247596153846154 0.2764423076923077 0.12139423076923077 0.09375
6 0.3401442307692308 0.5396634615384616 0.12980769230769232 0.10576923076923077
5 0.12740384615384615 0.5276442307692307 0.12740384615384615 0.10697115384615384
3 0.9314903846153846 0.4362980769230769 0.13701923076923078 0.1658653846153846
11 0.6670673076923077 0.3762019230769231 0.1814903846153846 0.14903846153846154
0 0.1778846153846154 0.7487980769230769 0.16346153846153846 0.07932692307692307
4 0.6153846153846154 0.9543269230769231 0.09134615384615384 0.09134615384615384