10 0.4014423076923077 0.30408653846153844 0.052884615384615384 0.14182692307692307
4 0.2932692307692308 0.39903846153846156 0.09495192307692307 0.12980769230769232
0 0.3076923076923077 0.27403846153846156 0.09615384615384616 0.125
6 0.18509615384615385 0.3942307692307692 0.09375 0.12740384615384615
1 0.09254807692307693 0.3870192307692308 0.0889423076923077 0.12980769230769232
9 0.8497596153846154 0.41346153846153844 0.14302884615384615 0.11057692307692307
10 0.9447115384615384 0.2800480769230769 0.11057692307692307 0.11778846153846154
10 0.6262019230769231 0.17067307692307693 0.16105769230769232 0.11778846153846154
7 0.7091346153846154 0.390625 0.1466346153846154 0.11778846153846154
8 0.7608173076923077 0.23317307692307693 0.15745192307692307 0.11899038461538461
6 0.9302884615384616 0.17067307692307693 0.13942307692307693 0.1201923076923077
4 0.8125 0.09615384615384616 0.15625 0.11899038461538461
10 0.41586538461538464 0.8341346153846154 0.02403846153846154 0.08173076923076923
6 0.3762019230769231 0.8365384615384616 0.057692307692307696 0.08173076923076923
1 0.31850961538461536 0.7644230769230769 0.06850961538461539 0.09615384615384616
4 0.38461538461538464 0.7259615384615384 0.05889423076923077 0.078125
0 0.4206730769230769 0.7307692307692307 0.014423076923076924 0.08173076923076923
4 0.2848557692307692 0.8341346153846154 0.06850961538461539 0.09375
9 0.3713942307692308 0.9134615384615384 0.06009615384615385 0.07932692307692307
8 0.41346153846153844 0.9134615384615384 0.028846153846153848 0.07692307692307693
8 0.21754807692307693 0.7896634615384616 0.0625 0.08413461538461539
5 0.23557692307692307 0.7115384615384616 0.06971153846153846 0.08173076923076923
6 0.3449519230769231 0.6310096153846154 0.06009615384615385 0.0829326923076923
11 0.41586538461538464 0.6057692307692307 0.02403846153846154 0.07211538461538461
7 0.328125 0.5805288461538461 0.06009615384615385 0.021634615384615384
11 0.9855769230769231 0.7920673076923077 0.028846153846153848 0.09375
8 0.7980769230769231 0.9567307692307693 0.11538461538461539 0.08653846153846154
2 0.6911057692307693 0.9302884615384616 0.11177884615384616 0.0829326923076923
7 0.9567307692307693 0.7163461538461539 0.08653846153846154 0.09134615384615384
9 0.9579326923076923 0.9675480769230769 0.08413461538461539 0.06490384615384616