9 0.051682692307692304 0.23317307692307693 0.07692307692307693 0.09975961538461539
7 0.10576923076923077 0.16826923076923078 0.07572115384615384 0.09735576923076923
7 0.17067307692307693 0.14182692307692307 0.07211538461538461 0.10336538461538461
6 0.11899038461538461 0.06490384615384616 0.0733173076923077 0.0985576923076923
8 0.171875 0.25600961538461536 0.07572115384615384 0.09134615384615384
5 0.2403846153846154 0.21634615384615385 0.06610576923076923 0.09975961538461539
7 0.27283653846153844 0.06370192307692307 0.06971153846153846 0.09615384615384616
0 0.3401442307692308 0.036057692307692304 0.06971153846153846 0.07211538461538461
10 0.34375 0.20072115384615385 0.06850961538461539 0.09495192307692307
8 0.35697115384615385 0.28725961538461536 0.04567307692307692 0.09375
1 0.42788461538461536 0.15264423076923078 0.09615384615384616 0.0985576923076923
3 0.8233173076923077 0.3954326923076923 0.12980769230769232 0.10096153846153846
6 0.7908653846153846 0.1778846153846154 0.1346153846153846 0.10576923076923077
6 0.49038461538461536 0.07932692307692307 0.13701923076923078 0.10216346153846154
9 0.8677884615384616 0.09975961538461539 0.12740384615384615 0.09975961538461539
11 0.9014423076923077 0.3233173076923077 0.13221153846153846 0.10336538461538461
7 0.07932692307692307 0.625 0.09375 0.12860576923076922
3 0.025240384615384616 0.5612980769230769 0.05048076923076923 0.12259615384615384
10 0.07211538461538461 0.5168269230769231 0.09134615384615384 0.03365384615384615
9 0.16105769230769232 0.5348557692307693 0.09615384615384616 0.06971153846153846
10 0.16105769230769232 0.6935096153846154 0.09615384615384616 0.12980769230769232
4 0.2403846153846154 0.5913461538461539 0.0985576923076923 0.12980769230769232
6 0.28966346153846156 0.7067307692307693 0.09254807692307693 0.12860576923076922
1 0.6033653846153846 0.6574519230769231 0.17067307692307693 0.12379807692307693
9 0.6766826923076923 0.5552884615384616 0.17067307692307693 0.11057692307692307
2 0.9350961538461539 0.7295673076923077 0.12980769230769232 0.11298076923076923
2 0.7932692307692307 0.7019230769230769 0.1658653846153846 0.11538461538461539