9 0.20072115384615385 0.30288461538461536 0.14302884615384615 0.09975961538461539
1 0.4411057692307692 0.1346153846153846 0.055288461538461536 0.12980769230769232
3 0.36778846153846156 0.4411057692307692 0.14423076923076922 0.09375
8 0.0625 0.30408653846153844 0.125 0.10336538461538461
6 0.9567307692307693 0.4495192307692308 0.08653846153846154 0.07692307692307693
6 0.9699519230769231 0.3641826923076923 0.06009615384615385 0.0889423076923077
6 0.8762019230769231 0.2776442307692308 0.12259615384615384 0.0889423076923077
9 0.9362980769230769 0.028846153846153848 0.11298076923076923 0.057692307692307696
9 0.9675480769230769 0.2764423076923077 0.06490384615384616 0.08653846153846154
7 0.8557692307692307 0.4483173076923077 0.1201923076923077 0.07932692307692307
7 0.9543269230769231 0.10096153846153846 0.09134615384615384 0.08653846153846154
4 0.8798076923076923 0.36658653846153844 0.11778846153846154 0.08653846153846154
4 0.9627403846153846 0.18990384615384615 0.07451923076923077 0.08653846153846154
0 0.8677884615384616 0.18870192307692307 0.11899038461538461 0.0889423076923077
10 0.8497596153846154 0.10096153846153846 0.11778846153846154 0.08653846153846154
7 0.8185096153846154 0.028846153846153848 0.11778846153846154 0.057692307692307696
3 0.7512019230769231 0.19110576923076922 0.12139423076923077 0.08774038461538461
2 0.7560096153846154 0.27884615384615385 0.11899038461538461 0.09134615384615384
1 0.11298076923076923 0.7524038461538461 0.14423076923076922 0.109375
10 0.17548076923076922 0.5084134615384616 0.16826923076923078 0.040865384615384616
6 0.23918269230769232 0.6875 0.16346153846153846 0.1201923076923077
7 0.9651442307692307 0.7067307692307693 0.06971153846153846 0.1346153846153846
7 0.8461538461538461 0.7043269230769231 0.16947115384615385 0.1310096153846154