0 0.3786057692307692 0.06129807692307692 0.10336538461538461 0.12259615384615384
3 0.20072115384615385 0.09495192307692307 0.09495192307692307 0.13942307692307693
2 0.08173076923076923 0.051682692307692304 0.08653846153846154 0.10336538461538461
2 0.020432692307692308 0.06129807692307692 0.040865384615384616 0.11778846153846154
9 0.21754807692307693 0.22956730769230768 0.09975961538461539 0.12740384615384615
1 0.5012019230769231 0.030048076923076924 0.11778846153846154 0.06009615384615385
3 0.9807692307692307 0.16105769230769232 0.038461538461538464 0.10576923076923077
9 0.9723557692307693 0.28966346153846156 0.055288461538461536 0.12259615384615384
1 0.8701923076923077 0.24759615384615385 0.16826923076923078 0.1201923076923077
4 0.4699519230769231 0.6177884615384616 0.1201923076923077 0.14182692307692307
7 0.2920673076923077 0.5024038461538461 0.11778846153846154 0.14903846153846154
0 0.18870192307692307 0.46153846153846156 0.11298076923076923 0.0673076923076923
1 0.546875 0.7307692307692307 0.11778846153846154 0.16105769230769232
3 0.26322115384615385 0.7836538461538461 0.10817307692307693 0.1466346153846154
2 0.15745192307692307 0.7536057692307693 0.109375 0.14182692307692307
9 0.9603365384615384 0.8305288461538461 0.07932692307692307 0.13701923076923078
2 0.7560096153846154 0.6430288461538461 0.11298076923076923 0.11298076923076923
2 0.8918269230769231 0.6730769230769231 0.1658653846153846 0.11538461538461539