4 0.2403846153846154 0.037259615384615384 0.16826923076923078 0.07451923076923077
3 0.07572115384615384 0.025240384615384616 0.15144230769230768 0.05048076923076923
11 0.9495192307692307 0.17307692307692307 0.10096153846153846 0.09615384615384616
7 0.7103365384615384 0.29447115384615385 0.12259615384615384 0.05048076923076923
8 0.9759615384615384 0.2764423076923077 0.04807692307692308 0.08653846153846154
4 0.9471153846153846 0.06370192307692307 0.10576923076923077 0.07932692307692307
0 0.9447115384615384 0.013221153846153846 0.11057692307692307 0.026442307692307692
0 0.5925480769230769 0.27403846153846156 0.11778846153846154 0.09134615384615384
3 0.8858173076923077 0.24519230769230768 0.12740384615384615 0.10336538461538461
9 0.8149038461538461 0.1466346153846154 0.1201923076923077 0.09134615384615384
6 0.7632211538461539 0.06009615384615385 0.12139423076923077 0.09375
7 0.17427884615384615 0.9338942307692307 0.18509615384615385 0.13221153846153846
5 0.24879807692307693 0.7932692307692307 0.20432692307692307 0.15865384615384615
1 0.04326923076923077 0.8762019230769231 0.08653846153846154 0.16105769230769232
2 0.8882211538461539 0.6021634615384616 0.1045673076923077 0.14423076923076922
3 0.8293269230769231 0.49038461538461536 0.1045673076923077 0.13701923076923078
10 0.7908653846153846 0.6887019230769231 0.10216346153846154 0.13942307692307693
7 0.6959134615384616 0.7451923076923077 0.10096153846153846 0.13942307692307693
9 0.7295673076923077 0.4387019230769231 0.10817307692307693 0.14423076923076922
10 0.8173076923076923 0.375 0.10576923076923077 0.11057692307692307
7 0.6430288461538461 0.46153846153846156 0.11057692307692307 0.14182692307692307
9 0.5504807692307693 0.5240384615384616 0.10697115384615384 0.13822115384615385
8 0.9314903846153846 0.47716346153846156 0.10336538461538461 0.14182692307692307
2 0.984375 0.41346153846153844 0.03125 0.13942307692307693