2 0.028846153846153848 0.2644230769230769 0.057692307692307696 0.15865384615384615
3 0.2620192307692308 0.27163461538461536 0.19951923076923078 0.15504807692307693
9 0.21875 0.3641826923076923 0.17307692307692307 0.03125
7 0.8930288461538461 0.3641826923076923 0.07451923076923077 0.03125
7 0.7992788461538461 0.19471153846153846 0.08052884615384616 0.11538461538461539
9 0.8269230769230769 0.09735576923076923 0.07211538461538461 0.10697115384615384
6 0.9098557692307693 0.25600961538461536 0.07451923076923077 0.0985576923076923
7 0.9723557692307693 0.23557692307692307 0.055288461538461536 0.10096153846153846
3 0.9026442307692307 0.15144230769230768 0.07211538461538461 0.09735576923076923
2 0.9699519230769231 0.140625 0.06009615384615385 0.10336538461538461
2 0.9819711538461539 0.03125 0.036057692307692304 0.0625
8 0.9278846153846154 0.04807692307692308 0.07692307692307693 0.09615384615384616
9 0.328125 0.7932692307692307 0.20072115384615385 0.14903846153846154
8 0.21514423076923078 0.6634615384615384 0.21394230769230768 0.171875
11 0.04807692307692308 0.8317307692307693 0.09615384615384616 0.12980769230769232
1 0.05048076923076923 0.6935096153846154 0.10096153846153846 0.14182692307692307
5 0.53125 0.6454326923076923 0.07932692307692307 0.06009615384615385
11 0.6189903846153846 0.6394230769230769 0.0829326923076923 0.0625
8 0.5288461538461539 0.5877403846153846 0.078125 0.0625
7 0.6983173076923077 0.65625 0.08774038461538461 0.06009615384615385
1 0.6286057692307693 0.5444711538461539 0.0889423076923077 0.06490384615384616
4 0.7115384615384616 0.5216346153846154 0.08173076923076923 0.06850961538461539