7 0.4074519230769231 0.16826923076923078 0.1346153846153846 0.10336538461538461
2 0.36658653846153844 0.34615384615384615 0.13221153846153846 0.10096153846153846
3 0.22956730769230768 0.34375 0.13221153846153846 0.0985576923076923
11 0.27403846153846156 0.16466346153846154 0.13581730769230768 0.09735576923076923
6 0.7355769230769231 0.39302884615384615 0.06009615384615385 0.07932692307692307
4 0.7379807692307693 0.31490384615384615 0.06009615384615385 0.078125
10 0.7956730769230769 0.3329326923076923 0.05889423076923077 0.0829326923076923
6 0.8545673076923077 0.33413461538461536 0.057692307692307696 0.08173076923076923
1 0.9122596153846154 0.2620192307692308 0.06850961538461539 0.09615384615384616
4 0.8461538461538461 0.22355769230769232 0.05889423076923077 0.078125
0 0.7860576923076923 0.22956730769230768 0.06009615384615385 0.08052884615384616
4 0.9459134615384616 0.3317307692307692 0.06850961538461539 0.09375
9 0.859375 0.4110576923076923 0.06009615384615385 0.07932692307692307
8 0.8004807692307693 0.41225961538461536 0.05889423076923077 0.07572115384615384
8 0.9903846153846154 0.28725961538461536 0.019230769230769232 0.08413461538461539
5 0.9795673076923077 0.2091346153846154 0.040865384615384616 0.08173076923076923
6 0.8858173076923077 0.12860576923076922 0.06009615384615385 0.0829326923076923
11 0.7956730769230769 0.09975961538461539 0.06009615384615385 0.0829326923076923
3 0.7379807692307693 0.09975961538461539 0.06009615384615385 0.08052884615384616
7 0.9014423076923077 0.046875 0.06009615384615385 0.08413461538461539
3 0.09495192307692307 0.859375 0.18990384615384615 0.15144230769230768
3 0.05048076923076923 0.5264423076923077 0.10096153846153846 0.1346153846153846
9 0.2776442307692308 0.9206730769230769 0.20192307692307693 0.14543269230769232
2 0.45552884615384615 0.47836538461538464 0.2091346153846154 0.038461538461538464
1 0.29447115384615385 0.5516826923076923 0.20072115384615385 0.14783653846153846
0 0.33653846153846156 0.6959134615384616 0.1935096153846154 0.14903846153846154
7 0.6370192307692307 0.9399038461538461 0.09615384615384616 0.10576923076923077
0 0.6442307692307693 0.8389423076923077 0.11057692307692307 0.10096153846153846