7 0.4855769230769231 0.4375 0.12740384615384615 0.09495192307692307
7 0.4831730769230769 0.9290865384615384 0.15264423076923078 0.12860576923076922
10 0.4098557692307692 0.8221153846153846 0.15264423076923078 0.11778846153846154
10 0.16346153846153846 0.9230769230769231 0.15865384615384615 0.12740384615384615
3 0.4723557692307692 0.5865384615384616 0.13942307692307693 0.09975961538461539
8 0.35697115384615385 0.4338942307692308 0.125 0.09134615384615384
9 0.2860576923076923 0.6875 0.15504807692307693 0.1141826923076923
5 0.15504807692307693 0.7536057692307693 0.15504807692307693 0.12259615384615384
6 0.24519230769230768 0.9783653846153846 0.16826923076923078 0.04326923076923077
0 0.6021634615384616 0.609375 0.140625 0.10336538461538461
1 0.984375 0.5564903846153846 0.03125 0.13701923076923078
8 0.9314903846153846 0.49759615384615385 0.0889423076923077 0.12860576923076922
10 0.9651442307692307 0.3858173076923077 0.06971153846153846 0.12259615384615384
11 0.8918269230769231 0.5949519230769231 0.09254807692307693 0.12980769230769232
7 0.9627403846153846 0.65625 0.07451923076923077 0.12980769230769232
1 0.8389423076923077 0.4807692307692308 0.0625 0.1201923076923077