3 0.11538461538461539 0.020432692307692308 0.12980769230769232 0.040865384615384616
6 0.08413461538461539 0.2091346153846154 0.1346153846153846 0.10576923076923077
9 0.16105769230769232 0.28725961538461536 0.12740384615384615 0.09975961538461539
11 0.19471153846153846 0.06370192307692307 0.13221153846153846 0.10336538461538461
6 0.46153846153846156 0.08774038461538461 0.1346153846153846 0.10096153846153846
7 0.5324519230769231 0.2608173076923077 0.15144230769230768 0.11538461538461539
10 0.5997596153846154 0.06850961538461539 0.1346153846153846 0.10576923076923077
3 0.7884615384615384 0.07091346153846154 0.12740384615384615 0.09735576923076923
3 0.7608173076923077 0.009615384615384616 0.13701923076923078 0.019230769230769232
3 0.7548076923076923 0.3016826923076923 0.15504807692307693 0.12860576923076922
2 0.9543269230769231 0.1466346153846154 0.09134615384615384 0.11538461538461539
2 0.6959134615384616 0.4543269230769231 0.1658653846153846 0.12259615384615384
5 0.5528846153846154 0.5108173076923077 0.16826923076923078 0.11778846153846154
8 0.6634615384615384 0.20793269230769232 0.15625 0.11778846153846154
8 0.6262019230769231 0.35697115384615385 0.15625 0.11177884615384616
4 0.02403846153846154 0.7043269230769231 0.04807692307692308 0.14903846153846154
3 0.10096153846153846 0.7776442307692307 0.11057692307692307 0.15504807692307693
9 0.2127403846153846 0.8016826923076923 0.09615384615384616 0.13221153846153846
5 0.28966346153846156 0.8269230769230769 0.06009615384615385 0.125
4 0.35096153846153844 0.8605769230769231 0.0625 0.1346153846153846
3 0.47836538461538464 0.8894230769230769 0.1814903846153846 0.14182692307692307