10 0.21754807692307693 0.34615384615384615 0.09495192307692307 0.06850961538461539
10 0.021634615384615384 0.24759615384615385 0.04326923076923077 0.07692307692307693
8 0.31490384615384615 0.34134615384615385 0.09495192307692307 0.07211538461538461
8 0.13221153846153846 0.15264423076923078 0.09375 0.07451923076923077
5 0.042067307692307696 0.13942307692307693 0.08413461538461539 0.07211538461538461
5 0.41947115384615385 0.2283653846153846 0.09375 0.07692307692307693
11 0.22956730769230768 0.27283653846153844 0.09735576923076923 0.06850961538461539
11 0.24879807692307693 0.025240384615384616 0.0985576923076923 0.05048076923076923
9 0.23076923076923078 0.20192307692307693 0.09375 0.07211538461538461
9 0.3245192307692308 0.23798076923076922 0.09134615384615384 0.0733173076923077
9 0.03245192307692308 0.04927884615384615 0.06490384615384616 0.07932692307692307
9 0.1346153846153846 0.056490384615384616 0.09615384615384616 0.07692307692307693
9 0.21875 0.09014423076923077 0.1141826923076923 0.08052884615384616
1 0.29927884615384615 0.13942307692307693 0.11057692307692307 0.07932692307692307
3 0.3449519230769231 0.016826923076923076 0.0985576923076923 0.03365384615384615
6 0.09975961538461539 0.010817307692307692 0.10336538461538461 0.021634615384615384
9 0.7548076923076923 0.11658653846153846 0.09014423076923077 0.06971153846153846
8 0.5228365384615384 0.19110576923076922 0.04567307692307692 0.06971153846153846
8 0.5336538461538461 0.05048076923076923 0.0673076923076923 0.07211538461538461
11 0.59375 0.026442307692307692 0.09134615384615384 0.052884615384615384
3 0.6454326923076923 0.07091346153846154 0.09975961538461539 0.07451923076923077
10 0.6694711538461539 0.13701923076923078 0.08653846153846154 0.06129807692307692
6 0.6069711538461539 0.24158653846153846 0.09254807692307693 0.0673076923076923
4 0.6923076923076923 0.21153846153846154 0.09134615384615384 0.07451923076923077
5 0.5769230769230769 0.109375 0.08653846153846154 0.07211538461538461
8 0.32091346153846156 0.7307692307692307 0.25961538461538464 0.20552884615384615
6 0.13581730769230768 0.8810096153846154 0.27163461538461536 0.20432692307692307
0 0.14423076923076922 0.5805288461538461 0.24519230769230768 0.2091346153846154
0 0.6887019230769231 0.5612980769230769 0.2776442307692308 0.19591346153846154
0 0.7487980769230769 0.7620192307692307 0.3088942307692308 0.20432692307692307
4 0.9543269230769231 0.5180288461538461 0.09134615384615384 0.19471153846153846