4 0.31490384615384615 0.025240384615384616 0.13942307692307693 0.05048076923076923
0 0.020432692307692308 0.11298076923076923 0.040865384615384616 0.10576923076923077
1 0.15504807692307693 0.1658653846153846 0.13701923076923078 0.10336538461538461
9 0.2956730769230769 0.17908653846153846 0.14903846153846154 0.0985576923076923
3 0.8533653846153846 0.042067307692307696 0.12980769230769232 0.08413461538461539
6 0.8870192307692307 0.21394230769230768 0.1346153846153846 0.028846153846153848
11 0.7764423076923077 0.10697115384615384 0.13221153846153846 0.10336538461538461
0 0.3125 0.6225961538461539 0.10336538461538461 0.13942307692307693
3 0.2860576923076923 0.4879807692307692 0.0985576923076923 0.140625
3 0.13341346153846154 0.6646634615384616 0.09495192307692307 0.13942307692307693
2 0.028846153846153848 0.6081730769230769 0.057692307692307696 0.12980769230769232
2 0.042067307692307696 0.3557692307692308 0.08413461538461539 0.14423076923076922
10 0.125 0.4206730769230769 0.11177884615384616 0.1346153846153846
9 0.1502403846153846 0.7992788461538461 0.09975961538461539 0.12740384615384615
9 0.390625 0.41346153846153844 0.1141826923076923 0.1502403846153846
1 0.4338942307692308 0.5540865384615384 0.11778846153846154 0.15144230769230768
7 0.9314903846153846 0.6838942307692307 0.13701923076923078 0.1466346153846154
3 0.8485576923076923 0.8064903846153846 0.20072115384615385 0.15144230769230768
9 0.7151442307692307 0.5709134615384616 0.16346153846153846 0.12740384615384615
7 0.6646634615384616 0.703125 0.19110576923076922 0.13822115384615385
11 0.5456730769230769 0.6213942307692307 0.07211538461538461 0.13701923076923078
0 0.5757211538461539 0.4951923076923077 0.13221153846153846 0.11538461538461539