2 0.23317307692307693 0.39903846153846156 0.10576923076923077 0.1310096153846154
8 0.2860576923076923 0.29447115384615385 0.09975961538461539 0.1346153846153846
0 0.7355769230769231 0.125 0.10336538461538461 0.13942307692307693
3 0.7620192307692307 0.25961538461538464 0.0985576923076923 0.140625
3 0.9146634615384616 0.0829326923076923 0.09495192307692307 0.13942307692307693
2 0.9819711538461539 0.3918269230769231 0.036057692307692304 0.14423076923076922
10 0.9230769230769231 0.3269230769230769 0.11177884615384616 0.1346153846153846
9 0.6574519230769231 0.33413461538461536 0.1141826923076923 0.1502403846153846
1 0.6141826923076923 0.1935096153846154 0.11778846153846154 0.15144230769230768
8 0.04807692307692308 0.9326923076923077 0.09615384615384616 0.08653846153846154
2 0.14543269230769232 0.90625 0.11177884615384616 0.0829326923076923
6 0.7247596153846154 0.9302884615384616 0.140625 0.109375
2 0.9206730769230769 0.9362980769230769 0.14423076923076922 0.11778846153846154
2 0.9555288461538461 0.7367788461538461 0.0889423076923077 0.11778846153846154
4 0.6862980769230769 0.828125 0.13942307692307693 0.11177884615384616
8 0.8641826923076923 0.8329326923076923 0.14543269230769232 0.10697115384615384
3 0.8629807692307693 0.6778846153846154 0.15865384615384615 0.11778846153846154