9 0.2692307692307692 0.040865384615384616 0.14423076923076922 0.08173076923076923
6 0.15625 0.06971153846153846 0.1346153846153846 0.13942307692307693
1 0.22596153846153846 0.20673076923076922 0.1346153846153846 0.18629807692307693
9 0.37740384615384615 0.18629807692307693 0.12980769230769232 0.18509615384615385
11 0.32211538461538464 0.3545673076923077 0.13341346153846154 0.17307692307692307
3 0.8629807692307693 0.18870192307692307 0.06850961538461539 0.10817307692307693
3 0.8762019230769231 0.2980769230769231 0.06850961538461539 0.10697115384615384
4 0.9879807692307693 0.15504807692307693 0.02403846153846154 0.10817307692307693
4 0.5973557692307693 0.8786057692307693 0.12259615384615384 0.12259615384615384
6 0.21754807692307693 0.8641826923076923 0.1658653846153846 0.10697115384615384
1 0.3798076923076923 0.875 0.15625 0.11538461538461539
11 0.20072115384615385 0.9639423076923077 0.1658653846153846 0.07211538461538461
3 0.3641826923076923 0.9663461538461539 0.15144230769230768 0.0673076923076923
2 0.5600961538461539 0.9627403846153846 0.17307692307692307 0.07451923076923077
5 0.6995192307692307 0.5144230769230769 0.08173076923076923 0.07211538461538461
9 0.7103365384615384 0.6105769230769231 0.09495192307692307 0.12980769230769232