11 0.18870192307692307 0.21514423076923078 0.1814903846153846 0.14903846153846154
7 0.5168269230769231 0.20072115384615385 0.09254807692307693 0.06490384615384616
9 0.5348557692307693 0.06850961538461539 0.09375 0.0673076923076923
9 0.9278846153846154 0.051682692307692304 0.09014423076923077 0.06971153846153846
8 0.6947115384615384 0.11778846153846154 0.09495192307692307 0.07211538461538461
1 0.6177884615384616 0.09495192307692307 0.09375 0.0673076923076923
1 0.5889423076923077 0.021634615384615384 0.10096153846153846 0.04326923076923077
11 0.7680288461538461 0.15264423076923078 0.09134615384615384 0.07572115384615384
3 0.8185096153846154 0.09735576923076923 0.09975961538461539 0.07451923076923077
10 0.8425480769230769 0.03125 0.08653846153846154 0.06129807692307692
5 0.75 0.05889423076923077 0.08653846153846154 0.07211538461538461
0 0.5997596153846154 0.17307692307692307 0.09014423076923077 0.0733173076923077
2 0.19230769230769232 0.7704326923076923 0.23076923076923078 0.2091346153846154
2 0.18870192307692307 0.4807692307692308 0.23798076923076922 0.14423076923076922
8 0.09615384615384616 0.6201923076923077 0.19230769230769232 0.1971153846153846
9 0.7331730769230769 0.9423076923076923 0.14423076923076922 0.11538461538461539
6 0.8461538461538461 0.9146634615384616 0.1346153846153846 0.17067307692307693
1 0.7788461538461539 0.7620192307692307 0.1346153846153846 0.18629807692307693
9 0.6274038461538461 0.7824519230769231 0.12980769230769232 0.18509615384615385
11 0.6826923076923077 0.6141826923076923 0.13341346153846154 0.17307692307692307