0 0.2932692307692308 0.3942307692307692 0.052884615384615384 0.125
6 0.19110576923076922 0.46875 0.09375 0.038461538461538464
1 0.09975961538461539 0.4651442307692308 0.0889423076923077 0.04567307692307692
6 0.6502403846153846 0.3317307692307692 0.15504807692307693 0.11538461538461539
6 0.3918269230769231 0.07572115384615384 0.14423076923076922 0.12259615384615384
10 0.6394230769230769 0.21514423076923078 0.15985576923076922 0.12379807692307693
7 0.1658653846153846 0.8413461538461539 0.15625 0.11778846153846154
6 0.06009615384615385 0.9194711538461539 0.1201923076923077 0.11298076923076923
0 0.05889423076923077 0.7271634615384616 0.11778846153846154 0.10817307692307693
1 0.9435096153846154 0.6682692307692307 0.07692307692307693 0.055288461538461536
1 0.8569711538461539 0.6694711538461539 0.08413461538461539 0.06610576923076923
1 0.5913461538461539 0.5348557692307693 0.07932692307692307 0.057692307692307696
1 0.4182692307692308 0.6610576923076923 0.07451923076923077 0.055288461538461536
3 0.4987980769230769 0.6670673076923077 0.07451923076923077 0.06009615384615385
3 0.34375 0.5637019230769231 0.04807692307692308 0.06009615384615385
3 0.7548076923076923 0.6514423076923077 0.078125 0.057692307692307696
11 0.8269230769230769 0.6117788461538461 0.08774038461538461 0.06490384615384616
9 0.6766826923076923 0.6598557692307693 0.08052884615384616 0.06370192307692307
2 0.9735576923076923 0.5132211538461539 0.052884615384615384 0.05048076923076923
2 0.8846153846153846 0.5168269230769231 0.08173076923076923 0.057692307692307696
2 0.7884615384615384 0.5108173076923077 0.08173076923076923 0.04567307692307692
2 0.6911057692307693 0.5180288461538461 0.08413461538461539 0.06009615384615385
2 0.5853365384615384 0.6334134615384616 0.078125 0.0625
4 0.5108173076923077 0.5084134615384616 0.08413461538461539 0.040865384615384616
6 0.9411057692307693 0.6105769230769231 0.07932692307692307 0.06129807692307692
8 0.5721153846153846 0.6935096153846154 0.07572115384615384 0.057692307692307696
8 0.3954326923076923 0.5 0.08413461538461539 0.02403846153846154
9 0.5925480769230769 0.4963942307692308 0.07932692307692307 0.016826923076923076
0 0.4266826923076923 0.6021634615384616 0.078125 0.06129807692307692
0 0.5072115384615384 0.609375 0.07932692307692307 0.06009615384615385