9 0.07932692307692307 0.2439903846153846 0.0985576923076923 0.07091346153846154
1 0.015625 0.24519230769230768 0.03125 0.07211538461538461
4 0.01201923076923077 0.11658653846153846 0.02403846153846154 0.08413461538461539
0 0.037259615384615384 0.04447115384615385 0.07451923076923077 0.07451923076923077
11 0.9194711538461539 0.47596153846153844 0.09375 0.10576923076923077
7 0.9302884615384616 0.3605769230769231 0.10096153846153846 0.12259615384615384
2 0.7512019230769231 0.30408653846153844 0.1045673076923077 0.14423076923076922
3 0.6923076923076923 0.19230769230769232 0.1045673076923077 0.13701923076923078
10 0.6538461538461539 0.390625 0.10216346153846154 0.13942307692307693
7 0.5588942307692307 0.44711538461538464 0.10096153846153846 0.13942307692307693
9 0.5925480769230769 0.140625 0.10817307692307693 0.14423076923076922
10 0.6802884615384616 0.06610576923076923 0.10576923076923077 0.13221153846153846
7 0.5060096153846154 0.16346153846153846 0.11057692307692307 0.14182692307692307
9 0.4375 0.2247596153846154 0.057692307692307696 0.13701923076923078
8 0.7944711538461539 0.17908653846153846 0.10336538461538461 0.14182692307692307
2 0.8834134615384616 0.11658653846153846 0.10096153846153846 0.13942307692307693
1 0.06850961538461539 0.8149038461538461 0.13701923076923078 0.1875
11 0.9507211538461539 0.8882211538461539 0.0985576923076923 0.10336538461538461
11 0.6875 0.7908653846153846 0.1346153846153846 0.1045673076923077
8 0.8341346153846154 0.9122596153846154 0.13822115384615385 0.10336538461538461
7 0.9447115384615384 0.7836538461538461 0.11057692307692307 0.10576923076923077
7 0.5516826923076923 0.8088942307692307 0.13822115384615385 0.10336538461538461
0 0.5576923076923077 0.9122596153846154 0.14302884615384615 0.10336538461538461
3 0.6959134615384616 0.8942307692307693 0.13822115384615385 0.1045673076923077
5 0.828125 0.8125 0.14182692307692307 0.1045673076923077