6 0.11778846153846154 0.30649038461538464 0.2091346153846154 0.15745192307692307
2 0.31971153846153844 0.3293269230769231 0.19230769230769232 0.15865384615384615
8 0.5480769230769231 0.19831730769230768 0.1658653846153846 0.12259615384615384
8 0.9591346153846154 0.20552884615384615 0.08173076923076923 0.11778846153846154
7 0.6875 0.2764423076923077 0.1622596153846154 0.12860576923076922
3 0.8389423076923077 0.18870192307692307 0.15745192307692307 0.11658653846153846
5 0.5564903846153846 0.06370192307692307 0.17548076923076922 0.12740384615384615
4 0.07572115384615384 0.7427884615384616 0.1201923076923077 0.14182692307692307
7 0.25240384615384615 0.625 0.11778846153846154 0.15745192307692307
0 0.3557692307692308 0.5444711538461539 0.1141826923076923 0.15144230769230768
1 0.028846153846153848 0.8545673076923077 0.057692307692307696 0.16105769230769232
3 0.2824519230769231 0.9086538461538461 0.10817307692307693 0.1466346153846154
2 0.38822115384615385 0.8786057692307693 0.109375 0.14182692307692307
2 0.5528846153846154 0.47115384615384615 0.10576923076923077 0.125
8 0.6057692307692307 0.5733173076923077 0.09975961538461539 0.1346153846153846
9 0.8822115384615384 0.8028846153846154 0.0985576923076923 0.1346153846153846
6 0.9603365384615384 0.8689903846153846 0.07932692307692307 0.12740384615384615