6 0.1346153846153846 0.6009615384615384 0.11538461538461539 0.09014423076923077
6 0.24158653846153846 0.5132211538461539 0.09375 0.0889423076923077
9 0.19471153846153846 0.25 0.1141826923076923 0.08774038461538461
9 0.13942307692307693 0.5132211538461539 0.11538461538461539 0.08653846153846154
7 0.16466346153846154 0.33653846153846156 0.11778846153846154 0.08653846153846154
4 0.2403846153846154 0.6009615384615384 0.09615384615384616 0.08653846153846154
4 0.14783653846153846 0.4266826923076923 0.11538461538461539 0.08533653846153846
0 0.24639423076923078 0.42427884615384615 0.08413461538461539 0.0889423076923077
10 0.25600961538461536 0.33653846153846156 0.06490384615384616 0.08653846153846154
7 0.2704326923076923 0.24639423076923078 0.036057692307692304 0.09375
10 0.5036057692307693 0.578125 0.11778846153846154 0.14182692307692307
10 0.3870192307692308 0.42908653846153844 0.13221153846153846 0.1778846153846154
1 0.6454326923076923 0.5396634615384616 0.10817307692307693 0.13942307692307693
11 0.7536057692307693 0.5396634615384616 0.10697115384615384 0.1346153846153846
9 0.8497596153846154 0.4266826923076923 0.0985576923076923 0.15264423076923078
6 0.4651442307692308 0.3016826923076923 0.11778846153846154 0.16947115384615385
2 0.5480769230769231 0.4411057692307692 0.11298076923076923 0.15504807692307693
5 0.9495192307692307 0.40024038461538464 0.10096153846153846 0.15745192307692307
8 0.17307692307692307 0.9350961538461539 0.23076923076923078 0.12980769230769232
9 0.6838942307692307 0.671875 0.13221153846153846 0.04567307692307692
10 0.6129807692307693 0.9411057692307693 0.14182692307692307 0.10697115384615384
10 0.6286057692307693 0.734375 0.12980769230769232 0.09735576923076923
1 0.7920673076923077 0.8473557692307693 0.1310096153846154 0.09134615384615384
6 0.8137019230769231 0.7560096153846154 0.12379807692307693 0.09495192307692307
1 0.5336538461538461 0.6694711538461539 0.13942307692307693 0.040865384615384616
8 0.5084134615384616 0.8737980769230769 0.14423076923076922 0.10817307692307693
11 0.34375 0.9074519230769231 0.11057692307692307 0.09375