9 0.22115384615384615 0.042067307692307696 0.10096153846153846 0.08413461538461539
11 0.17067307692307693 0.13221153846153846 0.10817307692307693 0.1502403846153846
1 0.28365384615384615 0.13942307692307693 0.10336538461538461 0.1502403846153846
1 0.3317307692307692 0.042067307692307696 0.11057692307692307 0.08413461538461539
8 0.44471153846153844 0.05048076923076923 0.10096153846153846 0.10096153846153846
7 0.3894230769230769 0.17908653846153846 0.10096153846153846 0.12740384615384615
10 0.4807692307692308 0.16346153846153846 0.07692307692307693 0.13942307692307693
11 0.47596153846153844 0.31850961538461536 0.08653846153846154 0.16105769230769232
7 0.39302884615384615 0.3870192307692308 0.11177884615384616 0.14423076923076922
9 0.2776442307692308 0.2824519230769231 0.09735576923076923 0.13221153846153846
7 0.1778846153846154 0.2776442307692308 0.09975961538461539 0.12740384615384615
11 0.7560096153846154 0.2548076923076923 0.125 0.09975961538461539
9 0.8677884615384616 0.1622596153846154 0.11778846153846154 0.0829326923076923
9 0.9639423076923077 0.1658653846153846 0.07211538461538461 0.09134615384615384
9 0.8197115384615384 0.44591346153846156 0.1310096153846154 0.08653846153846154
7 0.7091346153846154 0.3425480769230769 0.12620192307692307 0.09495192307692307
7 0.6322115384615384 0.5913461538461539 0.11538461538461539 0.09254807692307693
11 0.9675480769230769 0.2512019230769231 0.06490384615384616 0.08413461538461539
7 0.9507211538461539 0.34134615384615385 0.0985576923076923 0.08653846153846154
6 0.8413461538461539 0.3557692307692308 0.11177884615384616 0.09495192307692307
5 0.8762019230769231 0.2536057692307692 0.1201923076923077 0.08653846153846154
10 0.8942307692307693 0.5456730769230769 0.12139423076923077 0.08774038461538461
0 0.6646634615384616 0.5024038461538461 0.12139423076923077 0.09975961538461539
8 0.7740384615384616 0.5300480769230769 0.11778846153846154 0.1045673076923077
6 0.32211538461538464 0.6646634615384616 0.1201923076923077 0.05048076923076923
6 0.3004807692307692 0.7355769230769231 0.11538461538461539 0.09014423076923077
6 0.421875 0.8233173076923077 0.12259615384615384 0.0889423076923077
9 0.30528846153846156 0.8233173076923077 0.11538461538461539 0.08653846153846154
7 0.43990384615384615 0.6646634615384616 0.1201923076923077 0.05048076923076923
7 0.33052884615384615 0.9783653846153846 0.11778846153846154 0.04326923076923077
4 0.4182692307692308 0.734375 0.11778846153846154 0.08653846153846154
4 0.3137019230769231 0.9098557692307693 0.11538461538461539 0.08533653846153846
0 0.43028846153846156 0.9122596153846154 0.11899038461538461 0.0889423076923077
10 0.4483173076923077 0.9783653846153846 0.11778846153846154 0.04326923076923077
3 0.5024038461538461 0.9086538461538461 0.03365384615384615 0.08653846153846154
2 0.5 0.8221153846153846 0.038461538461538464 0.09134615384615384
5 0.578125 0.6658653846153846 0.11778846153846154 0.052884615384615384
2 0.8341346153846154 0.6538461538461539 0.11538461538461539 0.028846153846153848
2 0.8341346153846154 0.7163461538461539 0.12860576923076922 0.09375
2 0.7055288461538461 0.6658653846153846 0.12740384615384615 0.052884615384615384