9 0.4362980769230769 0.4987980769230769 0.06490384615384616 0.12259615384615384
8 0.375 0.27524038461538464 0.1658653846153846 0.12259615384615384
7 0.23557692307692307 0.1971153846153846 0.1622596153846154 0.12860576923076922
3 0.08413461538461539 0.2848557692307692 0.15745192307692307 0.11658653846153846
5 0.36658653846153844 0.41225961538461536 0.17548076923076922 0.13341346153846154
4 0.9399038461538461 0.34375 0.1201923076923077 0.15865384615384615
4 0.765625 0.3545673076923077 0.21394230769230768 0.15144230769230768
7 0.09375 0.9242788461538461 0.15865384615384615 0.15144230769230768
4 0.7884615384615384 0.7692307692307693 0.17067307692307693 0.12259615384615384
1 0.5456730769230769 0.7740384615384616 0.15384615384615385 0.11538461538461539
2 0.7259615384615384 0.7055288461538461 0.17307692307692307 0.03125