2 0.2512019230769231 0.039663461538461536 0.15625 0.07932692307692307
2 0.3942307692307692 0.042067307692307696 0.12980769230769232 0.08413461538461539
2 0.2692307692307692 0.1466346153846154 0.15144230769230768 0.11778846153846154
6 0.036057692307692304 0.0985576923076923 0.07211538461538461 0.1201923076923077
5 0.40384615384615385 0.15144230769230768 0.11057692307692307 0.12980769230769232
9 0.984375 0.2548076923076923 0.03125 0.10576923076923077
8 0.9314903846153846 0.24759615384615385 0.08052884615384616 0.1141826923076923
11 0.3076923076923077 0.7103365384615384 0.22235576923076922 0.16105769230769232
3 0.4362980769230769 0.7584134615384616 0.04567307692307692 0.18028846153846154
2 0.4362980769230769 0.43149038461538464 0.04567307692307692 0.1466346153846154
6 0.30528846153846156 0.45913461538461536 0.21394230769230768 0.16466346153846154
9 0.5108173076923077 0.5600961538461539 0.07692307692307693 0.09975961538461539
7 0.5649038461538461 0.625 0.07572115384615384 0.09735576923076923
7 0.6298076923076923 0.6514423076923077 0.07211538461538461 0.10336538461538461
6 0.578125 0.7283653846153846 0.0733173076923077 0.0985576923076923
8 0.6310096153846154 0.5372596153846154 0.07572115384615384 0.09134615384615384
5 0.6995192307692307 0.5769230769230769 0.06610576923076923 0.09975961538461539
7 0.7319711538461539 0.7295673076923077 0.06971153846153846 0.09615384615384616
0 0.8004807692307693 0.7692307692307693 0.06971153846153846 0.09975961538461539
6 0.7259615384615384 0.8293269230769231 0.07091346153846154 0.09375
4 0.7956730769230769 0.8629807692307693 0.06971153846153846 0.10336538461538461
10 0.8028846153846154 0.5925480769230769 0.06850961538461539 0.09495192307692307
8 0.8293269230769231 0.5048076923076923 0.06850961538461539 0.09495192307692307
11 0.9038461538461539 0.5240384615384616 0.07451923076923077 0.09254807692307693
9 0.8822115384615384 0.6153846153846154 0.0733173076923077 0.09615384615384616
5 0.6430288461538461 0.9026442307692307 0.07091346153846154 0.09254807692307693
9 0.5769230769230769 0.9074519230769231 0.06490384615384616 0.09375