7 0.23677884615384615 0.3137019230769231 0.21875 0.15865384615384615
9 0.32211538461538464 0.15745192307692307 0.21754807692307693 0.16947115384615385
7 0.6754807692307693 0.3605769230769231 0.15985576923076922 0.12259615384615384
7 0.8221153846153846 0.28966346153846156 0.16706730769230768 0.12259615384615384
10 0.9795673076923077 0.24278846153846154 0.040865384615384616 0.1201923076923077
4 0.10096153846153846 0.8461538461538461 0.09495192307692307 0.12980769230769232
0 0.08653846153846154 0.7211538461538461 0.09615384615384616 0.125
6 0.2091346153846154 0.8413461538461539 0.09375 0.12740384615384615
1 0.3016826923076923 0.8341346153846154 0.0889423076923077 0.12980769230769232
3 0.8317307692307693 0.9615384615384616 0.11538461538461539 0.07692307692307693
11 0.7692307692307693 0.8786057692307693 0.11538461538461539 0.1502403846153846
9 0.9338942307692307 0.9375 0.10336538461538461 0.125
7 0.8990384615384616 0.7872596153846154 0.109375 0.14543269230769232
10 0.9711538461538461 0.8353365384615384 0.057692307692307696 0.1466346153846154