5 0.1971153846153846 0.21394230769230768 0.12980769230769232 0.09975961538461539
9 0.06971153846153846 0.20673076923076922 0.125 0.09975961538461539
10 0.17548076923076922 0.06129807692307692 0.14182692307692307 0.10697115384615384
8 0.27884615384615385 0.02403846153846154 0.14423076923076922 0.04807692307692308
11 0.4483173076923077 0.037259615384615384 0.12259615384615384 0.07451923076923077
3 0.8293269230769231 0.09975961538461539 0.11298076923076923 0.08653846153846154
2 0.9555288461538461 0.021634615384615384 0.0889423076923077 0.04326923076923077
4 0.8245192307692307 0.027644230769230768 0.12980769230769232 0.055288461538461536
5 0.9483173076923077 0.08774038461538461 0.10336538461538461 0.0889423076923077
4 0.5216346153846154 0.8185096153846154 0.03365384615384615 0.14182692307692307
7 0.38822115384615385 0.9290865384615384 0.11778846153846154 0.14182692307692307
0 0.2848557692307692 0.9711538461538461 0.11298076923076923 0.057692307692307696
3 0.359375 0.6538461538461539 0.10817307692307693 0.1466346153846154
2 0.2536057692307692 0.6838942307692307 0.109375 0.14182692307692307
7 0.9699519230769231 0.7908653846153846 0.06009615384615385 0.10576923076923077
11 0.9050480769230769 0.7956730769230769 0.07572115384615384 0.10096153846153846