3 0.36658653846153844 0.06850961538461539 0.12980769230769232 0.10096153846153846
11 0.44350961538461536 0.02403846153846154 0.13221153846153846 0.04807692307692308
9 0.6201923076923077 0.13341346153846154 0.12860576923076922 0.09975961538461539
9 0.7704326923076923 0.17307692307692307 0.13942307692307693 0.10697115384615384
7 0.8473557692307693 0.09014423076923077 0.14182692307692307 0.10576923076923077
10 0.640625 0.042067307692307696 0.12740384615384615 0.08413461538461539
0 0.05048076923076923 0.6959134615384616 0.10096153846153846 0.07932692307692307
4 0.06370192307692307 0.6141826923076923 0.1141826923076923 0.08413461538461539
6 0.6165865384615384 0.7067307692307693 0.12620192307692307 0.09975961538461539
4 0.7427884615384616 0.71875 0.12259615384615384 0.09615384615384616
9 0.6045673076923077 0.5216346153846154 0.125 0.09615384615384616
7 0.7295673076923077 0.5168269230769231 0.12379807692307693 0.09375
2 0.8473557692307693 0.4567307692307692 0.12259615384615384 0.09375
3 0.8461538461538461 0.3641826923076923 0.12620192307692307 0.09375