3 0.20793269230769232 0.17668269230769232 0.040865384615384616 0.15625
9 0.8689903846153846 0.1778846153846154 0.07692307692307693 0.09975961538461539
7 0.8137019230769231 0.2403846153846154 0.07451923076923077 0.09615384615384616
7 0.75 0.25240384615384615 0.07211538461538461 0.07211538461538461
8 0.7487980769230769 0.15504807692307693 0.07572115384615384 0.09134615384615384
5 0.6802884615384616 0.19471153846153846 0.06610576923076923 0.09975961538461539
10 0.5769230769230769 0.21033653846153846 0.06850961538461539 0.09495192307692307
8 0.5504807692307693 0.12259615384615384 0.06850961538461539 0.09495192307692307
11 0.47596153846153844 0.14182692307692307 0.07451923076923077 0.09254807692307693
9 0.49759615384615385 0.23317307692307693 0.0733173076923077 0.09615384615384616
2 0.109375 0.6790865384615384 0.1045673076923077 0.14423076923076922
3 0.05048076923076923 0.7896634615384616 0.10096153846153846 0.13701923076923078
10 0.03125 0.5913461538461539 0.0625 0.13942307692307693
10 0.04567307692307692 0.9194711538461539 0.09134615384615384 0.14182692307692307
8 0.15264423076923078 0.8040865384615384 0.10336538461538461 0.14182692307692307
2 0.2091346153846154 0.8653846153846154 0.038461538461538464 0.13942307692307693
2 0.6526442307692307 0.4807692307692308 0.20192307692307693 0.14543269230769232
2 0.6382211538461539 0.6298076923076923 0.20673076923076922 0.15384615384615385